0.500000 -96.666660
0.500000 -93.327670
0.500000 -93.126980
0.500000 -90.845550
0.500000 -87.909550
0.473588 -84.880910
0.415491 -81.936540
0.414569 -78.932170
0.414560 -75.883760
0.412251 -72.929560
0.354466 -69.910580
0.398457 -66.834470
0.469549 -63.912380
0.443158 -60.951210
0.430360 -57.916320
0.430129 -54.802380
0.430125 -51.883070
0.430125 -48.931340
0.430124 -45.893260
0.430125 -42.833350
0.430124 -39.958780
0.430126 -36.823620
0.430124 -33.864710
0.482954 -30.866220
0.478934 -27.824870
0.449884 -24.988370
0.448570 -21.895840
0.448528 -18.740300
0.448527 -15.796570
0.448527 -12.843320
0.503061 -9.848129
0.585483 -6.791664
0.650689 -3.999901
0.625312 -0.926300
0.634018 2.234856
0.629996 5.110634
0.630003 8.022743
0.634448 11.246250
0.632337 14.187600
0.629387 17.203520
0.669530 20.200390
0.744754 23.286680
0.750000 26.048610
0.749998 29.140080
0.749995 32.256870
0.724306 35.103090
0.647888 38.415600
0.583310 41.207060
0.514302 44.213880
0.447495 47.147950
0.381763 50.057100
0.314958 53.036620
0.241881 56.322130
0.181524 59.056500
0.130137 62.090410
0.158321 65.256710
0.223370 68.294920
0.249540 71.048370
0.263747 74.176130
0.265716 77.374370
0.273359 80.201250
0.321667 83.036450
0.388827 86.277440
0.433343 89.141050
0.439899 92.053620
0.440560 95.340450
0.440606 98.323650
0.440612 101.280500
0.440606 104.267000
0.440610 107.271700
0.440611 110.254400
0.465046 113.288400
0.467879 116.409600
0.436532 119.055800
0.445219 122.125700
0.435354 125.259000
0.459524 128.357100
0.450034 131.101100
0.458959 134.300100
0.467364 137.044100
0.446063 140.239500
0.472564 143.048100
0.472134 146.276100
0.455133 149.122700
0.486288 152.399700
0.483203 155.279900
0.464744 158.160500
0.490314 161.036100
0.528791 164.360200
0.533445 167.288200
0.534060 170.238500
0.534147 173.210500
0.534165 176.156200
0.508418 179.128900
0.484783 182.164000
0.481687 185.166000
0.482816 188.174100
0.513983 191.218100
0.565967 194.267300
0.597552 197.323200
0.602137 200.405000
0.602731 203.051100
0.582914 206.175800
0.542779 209.267200
0.534423 212.444200
0.533392 215.146100
0.533213 218.301600
0.533172 221.471000
0.533173 224.172900
0.533169 227.370500
0.533169 230.124400
0.533158 233.350400
0.533171 236.110300
0.533168 239.361200
0.533178 242.167900
0.533161 245.529600
0.533169 248.301100
0.533163 251.094500
0.533170 254.415000
0.533171 257.309500
0.533168 260.118300
0.533169 263.467900
0.533171 266.373100
0.533169 269.248100
0.533180 272.162300
0.533180 275.102000
0.533153 278.477400
0.533169 281.417900
0.533162 284.404500
0.533174 287.361900
0.532292 290.439900
0.514688 293.256200
0.506325 296.300600
0.504865 299.253900
0.504606 302.299900
0.504549 305.310200
0.504548 308.317700
0.504536 311.357600
0.497161 314.403100
0.466310 317.456100
0.454679 320.053300
0.451741 323.137100
0.451226 326.218000
0.451128 329.431000
0.451124 332.409100
0.451109 335.033800
0.451112 338.153700
0.451110 341.294400
0.457623 344.389500
0.483678 347.028900
0.508119 350.195600
0.512497 353.407300
0.513207 356.080700
0.513404 359.269400
0.513415 362.469400
0.513430 365.111200
0.513440 368.375100
0.513430 371.093300
0.513429 374.330700
0.513442 377.029000
0.513438 380.289900
0.513445 383.005700
0.513440 386.249400
0.513426 389.536200
0.513447 392.285900
0.513432 395.049000
0.509518 398.425800
0.492600 401.166900
0.486404 404.515900
0.485412 407.257200
0.484362 410.097400
0.468716 413.405000
0.463738 416.280500
0.462613 419.094400
0.462320 422.482500
0.462279 425.299400
0.462270 428.110900
0.462268 431.531400
0.462261 434.390700
0.462266 437.270700
0.462267 440.166300
0.462270 443.036400
0.462265 446.466400
0.462269 449.358400
0.462269 452.296800
0.462265 455.216700
0.462276 458.074500
0.462263 461.018400
0.462258 464.512500
0.462257 467.447300
0.462263 470.392500
0.462272 473.387900
0.462255 476.356000
0.462274 479.307300
0.462269 482.291700
0.462257 485.265900
0.462260 488.256900
0.462264 491.244100
0.462267 494.207600
0.462269 497.310200
0.462266 500.229200
0.472408 503.247900
0.501993 506.278200
0.519305 509.351100
0.523309 512.405700
0.524261 515.467300
0.524496 518.486800
0.524534 521.529000
0.509484 524.650200
0.487135 527.076100
0.475586 530.156000
0.472860 533.247500
0.472207 536.409700
0.472044 539.446100
0.472016 542.561200
0.472014 545.099500
0.471987 548.181700
0.471998 551.329200
0.471988 554.511500
0.471997 557.031500
0.471976 560.134500
0.472009 563.289500
0.472005 566.462000
0.471987 569.034900
0.473668 572.245900
0.491650 575.356600
0.526641 578.566600
0.556268 581.114400
0.593415 584.315000
0.630580 587.528500
0.661605 590.215900
0.693036 593.325400
0.703447 596.569400
0.705646 599.158300
0.706407 602.410400
0.704991 605.045200
0.686290 608.322000
0.651776 611.558100
0.621427 614.229300
0.585166 617.426500
0.564473 620.076800
0.557271 623.408100
0.555722 626.038700
0.555204 629.365800
0.555089 632.035600
0.555045 635.329700
0.555007 638.583300
0.555014 641.338600
0.555027 644.587500
0.555034 647.303200
0.547382 650.688400
0.528598 653.285600
0.496878 656.709500
0.488509 659.359700
0.485791 662.051300
0.484836 665.437000
0.484618 668.060200
0.484530 671.525500
0.484512 674.263600
0.484505 677.088600
0.484519 680.433200
0.484498 683.179900
0.484497 686.589700
0.484506 689.295000
0.484509 692.061600
0.477329 695.537400
0.460343 698.256200
0.452213 701.062900
0.449407 704.472600
0.448813 707.254100
0.448611 710.024900
0.448547 713.557200
0.448537 716.359800
0.448534 719.167100
0.448526 722.698900
0.448527 725.461200
0.448522 728.258900
0.448521 731.018700
0.448517 734.598000
0.448526 737.387100
0.448517 740.198900
0.448512 743.029300
0.448526 746.582500
0.458820 749.415300
0.481012 752.255200
0.494794 755.115400
0.499184 758.028400
0.500724 761.543400
0.501027 764.486500
0.501142 767.345000
0.501192 770.211900
0.501202 773.146700
0.501185 776.704100
0.501193 779.596300
0.497403 782.474500
0.480765 785.399700
0.459908 788.245800
0.452083 791.198800
0.449690 794.061800
0.448825 797.713100
0.448642 800.627600
0.452075 803.546400
0.468455 806.503500
0.479139 809.478500
0.481051 812.424600
0.470697 815.303700
0.448292 818.249300
0.434244 821.276600
0.429979 824.178500
0.428590 827.136300
0.428142 830.191000
0.428012 833.129500
0.427973 836.068200
0.427940 839.046900
0.427954 842.073900
0.427938 845.075300
0.427946 848.026600
0.427941 851.011100
0.427942 854.042700
0.427960 857.088600
0.427954 860.123800
0.427938 863.058800
0.427962 866.083800
0.427940 869.206100
0.427934 872.147300
0.427941 875.226200
0.427951 878.294500
0.431506 881.319800
0.447707 884.314900
0.464173 887.374500
0.469334 890.430200
0.470985 893.493200
0.471537 896.619800
0.471658 899.634300
0.470022 902.829300
0.461446 905.030600
0.439304 908.098400
0.425545 911.197400
0.421198 914.286800
0.419833 917.390600
0.420934 920.550200
0.434211 923.671700
0.458667 926.713700
0.479006 929.038500
0.490514 932.168200
0.494156 935.295400
0.495289 938.431400
0.489268 941.544700
0.470396 944.696900
0.448670 947.100100
0.433693 950.227400
0.428914 953.354700
0.427374 956.515500
0.426905 959.670700
0.426776 962.049700
0.426718 965.212800
0.426689 968.386200
0.426687 971.564100
0.426687 974.750900
0.426670 977.133100
0.426677 980.355600
0.426686 983.518400
0.426678 986.720800
0.426678 989.121600
0.426677 992.324600
0.426683 995.535200
0.426669 998.750200
0.426655 1001.180000
0.426686 1004.391000
0.426674 1007.617000
0.426683 1010.047000
0.426678 1013.278000
0.426684 1016.518000
0.426674 1019.763000
0.426671 1022.202000
0.426695 1025.454000
0.426676 1028.717000
0.426681 1031.163000
0.437405 1034.502000
0.452710 1037.692000
0.451243 1040.161000
0.437634 1043.513000
0.428815 1046.720000
0.426348 1049.184000
0.434134 1052.460000
0.454675 1055.842000
0.476938 1058.371000
0.491304 1061.547000
0.495518 1064.026000
0.497575 1067.345000
0.498239 1070.745000
0.498413 1073.142000
0.498480 1076.471000
0.498523 1079.812000
0.498564 1082.401000
0.498538 1085.626000
0.498516 1088.132000
0.498535 1091.479000
0.498535 1094.826000
0.498543 1097.445000
0.498534 1100.699000
0.498519 1103.218000
0.498555 1106.586000
0.498530 1109.124000
0.498529 1112.486000
0.499515 1115.279000
0.509477 1118.393000
0.521690 1121.783000
0.525314 1124.719000
0.526681 1127.717000
0.520909 1130.262000
0.502639 1133.661000
0.480870 1136.299000
0.451549 1139.662000
0.429744 1142.162000
0.396192 1146.017000
0.378214 1148.340000
0.367188 1151.724000
0.364335 1154.159000
0.368777 1157.625000
0.380264 1160.171000
0.406619 1163.688000
0.423116 1166.195000
0.431786 1169.649000
0.434104 1172.302000
0.435288 1175.784000
0.435576 1178.357000
0.435746 1181.854000
0.435806 1184.092000
0.435760 1187.086000
0.440136 1190.440000
0.451147 1193.048000
0.476495 1196.577000
0.498757 1199.185000
0.528549 1202.679000
0.550238 1205.236000
0.575204 1208.777000
0.578598 1211.494000
0.570040 1214.869000
0.555726 1217.507000
0.534790 1220.184000
0.519349 1223.734000
0.515312 1226.370000
0.513250 1229.887000
0.512726 1232.590000
0.512457 1235.180000
0.512377 1238.684000
0.511775 1241.341000
0.504814 1244.075000
0.485843 1247.555000
0.475532 1250.217000
0.470351 1253.765000
0.468970 1256.438000
0.468353 1259.185000
0.468099 1262.681000
0.468011 1265.361000
0.467987 1268.056000
0.467945 1271.620000
0.467950 1274.307000
0.467934 1277.902000
0.467946 1280.580000
0.467957 1283.289000
0.467946 1286.881000
0.467947 1289.960000
0.467949 1292.317000
0.467943 1295.005000
0.467960 1298.615000
0.467905 1301.376000
0.467954 1304.051000
0.467963 1307.690000
0.467949 1310.422000
0.467953 1313.147000
0.467934 1316.818000
0.467933 1319.497000
0.467920 1322.243000
0.467937 1325.882000
0.467137 1328.670000
0.460612 1331.334000
0.447052 1334.112000
0.436468 1337.758000
0.433582 1340.573000
0.432360 1343.299000
0.431876 1346.068000
0.437859 1349.672000
0.451382 1352.521000
0.470655 1355.218000
0.483055 1358.045000
0.480998 1361.787000
0.470829 1364.618000
0.455411 1367.205000
0.432924 1370.052000
0.403748 1373.690000
0.386027 1376.565000
0.378639 1379.360000
0.375580 1382.131000
0.374062 1385.854000
0.373628 1388.664000
0.373469 1391.379000
0.379964 1394.199000
0.399057 1397.912000
0.420586 1400.723000
0.442832 1403.526000
0.465498 1406.381000
0.478567 1409.216000
0.483983 1412.032000
0.486790 1415.843000
0.487485 1418.539000
0.487749 1421.489000
0.487900 1424.205000
0.487946 1427.102000
0.487949 1430.869000
0.486391 1433.714000
0.477790 1436.457000
0.462171 1439.309000
0.440614 1442.156000
0.420340 1445.939000
0.414884 1448.790000
0.412558 1451.641000
0.411554 1454.636000
0.417173 1457.346000
0.429841 1460.216000
0.449159 1463.077000
0.472133 1466.032000
0.491950 1469.802000
0.497424 1472.712000
0.499692 1475.576000
0.500642 1478.457000
0.501091 1481.399000
0.501282 1484.192000
0.501304 1487.022000
0.501395 1490.899000
0.501396 1493.790000
0.501435 1496.692000
0.501434 1499.646000
0.501425 1502.551000
0.501345 1505.369000
0.501410 1508.269000
0.501352 1511.175000
0.501407 1514.073000
0.501400 1517.934000
0.501418 1520.866000
0.501423 1523.761000
0.501400 1526.679000
0.501399 1529.633000
0.501428 1532.594000
0.501422 1535.519000
0.501418 1538.470000
0.501415 1541.312000
0.501422 1544.245000
0.501407 1547.182000
0.501423 1550.135000
0.499493 1553.305000
0.486890 1556.964000
0.474860 1559.910000
0.469790 1562.854000
0.467596 1565.815000
0.466694 1568.761000
0.466320 1571.748000
0.466149 1574.721000
0.466023 1577.645000
0.466066 1580.989000
0.466035 1583.585000
0.465997 1586.620000
0.466035 1589.556000
0.461534 1592.548000
0.450460 1595.509000
0.442560 1598.578000
0.439394 1601.515000
0.437940 1604.405000
0.437387 1607.391000
0.437165 1610.403000
0.437007 1613.409000
0.437005 1616.408000
0.436989 1619.680000
0.436995 1622.375000
0.443608 1625.379000
0.457037 1628.392000
0.477066 1631.393000
0.490058 1634.420000
0.495441 1637.413000
0.497763 1640.428000
0.498708 1643.469000
0.499175 1646.827000
0.499320 1649.173000
0.499415 1652.519000
0.499483 1655.619000
0.499499 1658.645000
0.501694 1661.611000
0.510782 1664.708000
0.517117 1667.680000
0.513775 1670.732000
0.502166 1673.962000
0.485825 1676.805000
0.474385 1679.855000
0.469480 1682.943000
0.467395 1686.048000
0.466784 1688.031000
0.467734 1691.103000
0.476324 1694.195000
0.491080 1697.192000
0.512987 1700.346000
0.532821 1703.335000
0.542684 1706.486000
0.546741 1709.508000
0.548465 1712.634000
0.545786 1715.776000
0.536022 1718.691000
0.518313 1721.911000
0.496416 1724.974000
0.476347 1728.026000
0.469176 1730.072000
0.463828 1733.104000
0.461485 1736.212000
0.460499 1739.304000
0.460122 1742.400000
0.459943 1745.585000
0.459876 1748.692000
0.459828 1751.787000
0.459836 1754.944000
0.459829 1757.962000
0.459819 1760.019000
0.459813 1763.229000
0.459808 1766.339000
0.459816 1769.379000
0.459842 1772.513000
0.459798 1775.676000
0.459834 1778.766000
0.459827 1781.889000
0.459832 1785.027000
0.459837 1787.129000
0.459825 1790.261000
0.459832 1793.402000
0.459816 1796.633000
0.459799 1799.678000
0.459839 1802.825000
0.466443 1805.987000
0.474886 1808.154000
0.486519 1811.218000
0.491692 1814.400000
0.493847 1817.630000
0.494748 1820.819000
0.495139 1823.887000
0.495263 1826.097000
0.495296 1829.176000
0.495334 1832.342000
0.495416 1837.055000
0.495380 1838.436000
0.495445 1841.189000
0.495370 1845.052000
0.495415 1847.174000
0.495463 1850.359000
0.495424 1853.591000
0.495426 1856.849000
0.495447 1859.952000
0.495435 1862.197000
0.495439 1865.322000
0.495442 1868.556000
0.495434 1871.760000
0.495429 1874.876000
0.495447 1877.122000
0.495450 1880.258000
0.495448 1883.444000
0.493886 1886.769000
0.485292 1889.868000
0.475500 1892.036000
0.457425 1895.260000
0.448691 1898.491000
0.444966 1901.780000
0.443477 1904.929000
0.442951 1907.160000
0.442581 1910.311000
0.442423 1913.552000
0.442345 1916.967000
0.442344 1920.125000
0.442280 1922.198000
0.442319 1925.503000
0.442318 1928.689000
0.442324 1932.021000
0.442298 1934.170000
0.442314 1937.455000
0.442322 1940.646000
0.442310 1943.884000
0.442264 1946.061000
0.442318 1949.435000
0.442305 1952.593000
0.442323 1955.945000
0.442328 1958.050000
0.442274 1961.320000
0.442307 1964.597000
0.442313 1967.876000
0.442305 1970.151000
0.442323 1973.347000
0.442272 1976.627000
0.442323 1979.918000
0.442280 1982.113000
0.442323 1985.545000
0.442295 1988.706000
0.440058 1992.054000
0.434696 1994.278000
0.423308 1997.538000
0.417410 2000.895000
0.415675 2003.015000
0.414289 2006.328000
0.413662 2009.727000
0.413430 2013.051000
0.413401 2015.263000
0.413327 2018.477000
0.413256 2021.899000
0.413266 2024.150000
0.413284 2027.478000
0.413260 2030.808000
0.413239 2034.092000
0.413236 2036.246000
0.412247 2039.929000
0.406000 2042.965000
0.397807 2045.201000
0.380483 2048.438000
0.368590 2051.801000
0.364879 2054.033000
0.362148 2057.371000
0.360955 2060.734000
0.366711 2064.069000
0.374688 2066.426000
0.391709 2069.772000
0.411860 2073.126000
0.418935 2075.316000
0.424273 2078.635000
0.426631 2082.058000
0.427334 2084.279000
0.427899 2087.644000
0.428134 2091.011000
0.428173 2093.274000
0.428275 2096.704000
0.428305 2099.002000
0.428275 2102.424000
0.428286 2106.031000
0.432541 2109.130000
0.439000 2111.325000
0.452464 2114.671000
0.457887 2117.049000
0.461728 2120.447000
0.463327 2123.848000
0.463829 2126.010000
0.464195 2129.426000
0.464408 2132.906000
0.464434 2135.092000
0.464467 2138.503000
0.464466 2141.919000
0.464497 2144.289000
0.464467 2147.692000
0.464523 2151.130000
0.464477 2153.302000
0.464506 2156.811000
0.464481 2159.100000
0.464504 2162.632000
0.464475 2165.955000
0.464498 2168.245000
0.464510 2171.794000
0.464507 2175.116000
0.464478 2177.389000
0.464529 2180.776000
0.464495 2183.070000
0.464490 2186.606000
0.464512 2190.037000
0.464478 2192.338000
0.464512 2195.786000
0.465221 2198.071000
0.472147 2201.614000
0.480709 2205.157000
0.483333 2207.340000
0.485342 2210.754000
0.484516 2213.068000
0.476369 2216.675000
0.462751 2219.938000
0.448161 2222.449000
0.436423 2225.825000
0.432565 2228.108000
0.429696 2231.619000
0.428445 2235.128000
0.428058 2237.430000
0.427740 2240.903000
0.427707 2243.129000
0.427585 2246.625000
0.427563 2250.170000
0.427594 2252.446000
0.427587 2256.106000
0.427568 2258.372000
0.427559 2261.875000
0.427537 2264.115000
0.427542 2267.701000
0.427547 2271.117000
0.427553 2273.467000
0.427539 2277.008000
0.427575 2279.310000
0.427532 2282.828000
0.427562 2285.247000
0.427525 2288.695000
0.427584 2291.040000
0.427518 2294.564000
0.427539 2298.201000
0.427516 2300.456000
0.427555 2303.992000
0.427584 2306.629000
0.427553 2309.981000
0.427584 2312.244000
0.427525 2315.031000
0.427518 2318.218000
0.427539 2321.684000
0.427572 2324.032000
0.427544 2327.583000
0.427541 2331.129000
0.427584 2333.486000
0.427532 2337.039000
0.427544 2339.436000
0.427534 2342.987000
0.427530 2345.358000
0.427558 2349.026000
0.429137 2351.400000
0.437838 2354.870000
0.447428 2357.236000
0.467416 2360.811000
0.482537 2363.234000
0.495788 2366.878000
0.499722 2369.174000
0.502736 2372.748000
0.503822 2375.225000
0.504508 2378.753000
0.504767 2381.113000
0.504816 2384.709000
0.505042 2387.100000
0.505031 2390.796000
0.505064 2393.210000
0.505046 2396.702000
0.505040 2399.260000
0.505038 2402.728000
0.504971 2405.184000
0.505016 2408.694000
0.505086 2411.252000
0.505080 2414.805000
0.503634 2417.177000
0.494583 2420.772000
0.483244 2423.599000
0.475381 2426.883000
0.472533 2429.175000
0.470486 2432.793000
0.469754 2435.322000
0.469331 2438.841000
0.468988 2441.384000
0.469007 2444.949000
0.468932 2447.307000
0.468990 2450.943000
0.468984 2453.456000
0.468873 2457.039000
0.468934 2459.582000
0.468979 2463.195000
0.468892 2465.632000
0.468798 2469.176000
0.468799 2471.698000
0.468851 2474.201000
0.468888 2477.847000
0.468894 2480.233000
0.468813 2483.883000
0.468886 2486.310000
0.468926 2489.984000
0.468900 2492.482000
0.468795 2495.993000
0.468900 2498.535000
0.468906 2502.247000
0.468891 2504.557000
0.468888 2507.018000
0.468877 2510.787000
0.468874 2513.139000
0.468978 2516.825000
0.468984 2519.281000
0.468940 2523.072000
0.468819 2525.422000
0.468932 2529.120000
0.468131 2531.788000
0.464617 2534.036000
0.453008 2537.863000
0.442464 2540.186000
0.426811 2543.909000
0.421734 2546.476000
0.418069 2550.082000
0.416880 2552.726000
0.416208 2555.162000
0.414957 2558.820000
0.411047 2561.191000
0.399471 2564.910000
0.393126 2567.508000
0.388734 2571.116000
0.387254 2573.692000
0.387966 2576.185000
0.395388 2579.808000
0.404141 2582.287000
0.422767 2586.021000
0.438349 2588.636000
0.451692 2591.078000
0.461277 2594.730000
0.464326 2597.225000
0.466569 2600.965000
0.467386 2603.609000
0.467822 2607.314000
0.468074 2609.738000
0.468136 2612.197000
0.466685 2616.109000
0.461911 2618.436000
0.453360 2621.075000
0.435957 2624.799000
0.427416 2627.230000
0.420918 2630.972000
0.418768 2633.490000
0.417285 2637.241000
0.416742 2639.754000
0.416579 2642.272000
0.420149 2646.148000
0.426385 2648.531000
0.435957 2651.063000
0.455594 2654.830000
0.465582 2657.461000
0.469150 2661.287000
0.466361 2663.645000
0.460286 2666.240000
0.445559 2670.087000
0.434720 2672.550000
0.428665 2675.067000
0.427012 2678.803000
0.431332 2681.342000
0.443099 2685.134000
0.454750 2687.666000
0.469373 2690.245000
0.491479 2694.020000
0.506232 2696.539000
0.519420 2699.102000
0.529300 2702.994000
0.532268 2705.513000
0.534075 2708.061000
0.535385 2711.817000
0.535834 2714.344000
0.535944 2718.161000
0.536129 2720.701000
0.532504 2723.328000
0.521470 2727.141000
0.510380 2729.717000
0.498794 2732.231000
0.490229 2736.088000
0.487504 2738.582000
0.485866 2741.154000
0.484692 2745.051000
0.484365 2747.528000
0.484091 2750.244000
0.483973 2754.005000
0.484040 2756.567000
0.481851 2759.020000
0.472752 2762.876000
0.464759 2765.435000
0.460384 2768.019000
0.456804 2772.224000
0.455853 2774.540000
0.455319 2777.112000
0.454872 2780.887000
0.454675 2783.464000
0.454617 2786.032000
0.454538 2789.899000
0.454493 2792.590000
0.454594 2795.179000
0.454532 2799.075000
0.454481 2801.523000
0.454529 2804.208000
0.454527 2807.968000
0.454552 2810.571000
0.454559 2813.274000
0.454538 2817.152000
0.454548 2819.754000
0.454561 2822.236000
0.454491 2826.214000
0.454513 2828.806000
0.454559 2831.311000
0.454507 2835.198000
0.454554 2837.799000
0.454505 2840.519000
0.454575 2843.120000
0.454542 2847.012000
0.454570 2849.625000
0.454505 2852.243000
0.454565 2856.170000
0.454562 2858.632000
0.454542 2861.242000
0.454488 2865.254000
0.454472 2867.872000
0.454565 2870.511000
0.454583 2873.107000
0.454621 2877.021000
0.454486 2879.635000
0.454513 2882.696000
0.454534 2886.127000
0.454551 2888.745000
0.454559 2891.376000
0.454556 2894.114000
0.454540 2898.007000
0.454532 2900.609000
0.454588 2903.259000
0.454594 2907.102000
0.454518 2909.709000
0.454483 2912.619000
0.454521 2915.101000
0.454578 2919.025000
0.454530 2921.645000
0.454578 2924.317000
0.458304 2928.264000
0.464888 2930.850000
0.474591 2933.521000
0.487472 2936.231000
0.508929 2940.048000
0.518580 2942.656000
0.523044 2945.479000
0.521835 2948.076000
0.514430 2951.942000
0.507531 2954.564000
0.503485 2957.242000
0.502447 2960.019000
0.507607 2963.972000
0.514721 2966.638000
0.524481 2969.191000
0.545491 2973.289000
0.559863 2975.844000
0.574659 2978.493000
0.587594 2981.124000
0.597434 2985.195000
0.599397 2988.145000
0.596466 2990.543000
0.590418 2993.242000
0.575763 2997.158000
0.562253 2999.821000
0.546900 3002.573000
0.531944 3005.270000
0.509924 3009.208000
0.495205 3011.842000
0.485503 3014.499000
0.479681 3017.284000
0.475705 3021.193000
0.474399 3023.979000
0.473630 3026.675000
0.473177 3029.238000
0.473017 3032.025000
0.472808 3036.065000
0.472787 3038.634000
0.472692 3041.310000
0.472703 3044.104000
0.472738 3048.155000
0.472707 3050.729000
0.472758 3053.412000
0.472668 3056.209000
0.479395 3060.233000
0.487601 3062.935000
0.498923 3065.673000
0.513151 3068.389000
0.528004 3071.083000
0.549703 3075.021000
0.564248 3077.690000
0.579284 3080.397000
0.592081 3083.065000
0.602264 3087.287000
0.605368 3089.993000
0.605689 3092.685000
0.602648 3095.333000
0.596167 3098.097000
0.581823 3102.036000
0.568119 3104.765000
0.553250 3107.468000
0.540147 3110.163000
0.532341 3113.097000
0.527359 3116.982000
0.525636 3119.703000
0.524570 3122.430000
0.521487 3125.230000
0.511523 3129.232000
0.500967 3131.953000
0.486920 3134.815000
0.472033 3137.523000
0.457935 3140.123000
0.435150 3144.297000
0.425499 3147.031000
0.419850 3149.797000
0.416859 3152.424000
0.415127 3155.157000
0.413837 3159.258000
0.413422 3161.994000
0.413211 3164.736000
0.413016 3167.596000
0.413005 3170.341000
0.412981 3173.079000
0.412935 3177.268000
0.412906 3179.906000
0.412888 3182.680000
0.412917 3185.388000
0.412900 3188.057000
0.412910 3192.165000
0.412838 3194.948000
0.412872 3197.671000
0.414314 3200.395000
0.419501 3203.155000
0.432953 3207.291000
0.439702 3210.036000
0.443731 3212.925000
0.445739 3215.574000
0.446957 3218.333000
0.447720 3221.106000
0.448162 3225.242000
0.448349 3228.003000
0.448474 3230.780000
0.448513 3233.545000
0.448489 3236.312000
0.448526 3239.432000
0.448461 3243.386000
0.448583 3246.114000
0.448544 3248.774000
0.448534 3251.549000
0.448611 3254.392000
0.448614 3257.210000
0.448569 3261.267000
0.448520 3264.045000
0.448588 3266.933000
0.448520 3269.604000
0.448562 3272.482000
0.449379 3275.262000
0.453031 3278.082000
0.463868 3282.141000
0.475000 3284.919000
0.482842 3287.727000
0.487250 3290.503000
0.489668 3293.298000
0.491002 3296.094000
0.492189 3300.274000
0.488907 3303.147000
0.482483 3305.967000
0.473623 3308.674000
0.461552 3311.502000
0.447809 3314.569000
0.441582 3317.102000
0.439640 3320.098000
0.446154 3324.169000
0.453659 3326.869000
0.465119 3329.756000
0.479277 3332.613000
0.494968 3335.582000
0.508139 3338.082000
0.526275 3342.490000
0.529976 3345.308000
0.528287 3348.288000
0.524199 3350.823000
0.517154 3353.560000
0.507752 3356.700000
0.503703 3359.225000
0.500918 3362.040000
0.498943 3366.254000
0.498402 3369.095000
0.497994 3371.901000
0.497030 3374.853000
0.493046 3377.553000
0.486362 3380.357000
0.475962 3383.320000
0.462942 3386.176000
0.446459 3390.260000
0.440795 3393.180000
0.437832 3395.939000
0.436043 3398.860000
0.435092 3401.735000
0.434535 3404.557000
0.437913 3407.553000
0.443758 3410.193000
0.452814 3413.013000
0.472358 3417.294000
0.487190 3420.135000
0.496932 3422.980000
0.502543 3425.859000
0.505564 3428.581000
0.507441 3431.776000
0.508319 3434.242000
0.508752 3437.194000
0.509219 3441.456000
0.509462 3444.215000
0.509521 3447.163000
0.509520 3449.922000
0.509606 3452.912000
0.505806 3455.751000
0.498930 3458.680000
0.489898 3461.378000
0.476956 3464.318000
0.467946 3467.292000
0.461571 3471.575000
0.459600 3474.238000
0.458311 3477.272000
0.457678 3480.079000
0.457398 3482.840000
0.457219 3485.715000
0.457082 3488.588000
0.456915 3491.457000
0.457024 3494.496000
0.456922 3497.241000
0.456839 3500.061000
0.456838 3504.374000
0.456953 3507.246000
0.456870 3510.247000
0.456926 3513.119000
0.456912 3515.882000
0.456857 3518.770000
0.456911 3521.648000
0.456893 3524.639000
0.460581 3527.575000
