0.500000 -96.666660
0.500000 -93.327670
0.500000 -93.126980
0.500000 -90.940360
0.530502 -87.835890
0.625275 -84.613560
0.687913 -81.707120
0.708061 -78.474220
0.711388 -75.756860
0.691153 -72.468170
0.644258 -69.704320
0.597281 -66.919380
0.582170 -63.549580
0.579675 -60.718170
0.579082 -57.865640
0.578942 -54.991970
0.578905 -51.515700
0.578900 -48.595560
0.578899 -45.654330
0.600685 -42.691960
0.639696 -39.708470
0.652315 -36.703830
0.655308 -33.678110
0.656019 -30.631220
0.656188 -27.563240
0.650786 -24.474090
0.626851 -21.987630
0.591355 -18.860480
0.581898 -15.712230
0.579655 -12.542860
0.579175 -9.992157
0.579009 -6.784760
0.578970 -3.556206
0.578958 -0.958183
0.578957 2.308334
0.578958 5.596001
0.578954 8.241394
0.578954 11.567050
0.578956 14.242790
0.578955 17.606510
0.578956 20.312680
0.578955 23.299360
0.578955 26.292440
0.578956 29.151750
0.578957 32.060390
0.578956 35.013210
0.578958 38.169830
0.578955 41.103670
0.578956 44.072310
0.578956 47.079820
0.578954 50.127470
0.578955 53.215580
0.578956 56.081920
0.578957 59.247680
0.578956 62.185290
0.578954 65.156940
0.578956 68.162660
0.578954 71.202500
0.578959 74.276400
0.578957 77.100420
0.578958 80.239360
0.578955 83.122540
0.578958 86.033870
0.578958 89.268880
0.578956 92.239360
0.578955 95.238010
0.578954 98.264820
0.578954 101.013000
0.578955 104.093400
0.578955 107.201800
0.578958 110.023500
0.578955 113.185500
0.578954 116.055400
0.578957 119.270900
0.578955 122.189000
0.578953 125.129900
0.578952 128.093500
0.578957 131.080000
0.578954 134.089300
0.578953 137.121400
0.578953 140.176300
0.578958 143.254000
0.578957 146.009000
0.578955 149.129800
0.578960 152.273400
0.578954 155.086900
0.578957 158.273600
0.578955 161.125500
0.578956 164.355200
0.578953 167.245400
0.578960 170.153500
0.578956 173.079700
0.578954 176.023900
0.578952 179.357600
0.578959 182.340100
0.578957 185.340600
0.578957 188.359100
0.578957 191.015100
0.578953 194.067400
0.578959 197.137800
0.578958 200.229400
0.578958 203.335800
0.578957 206.117200
0.578958 209.257400
0.578956 212.019900
0.578958 215.212200
0.578960 218.004200
0.578955 221.212000
0.578953 224.033600
0.578961 227.275200
0.578954 230.126400
0.578957 233.401800
0.578955 236.282600
0.578951 239.177000
0.578954 242.085400
0.578956 245.007500
0.578956 248.364000
0.578952 251.315700
0.578956 254.281200
0.578958 257.260500
0.578958 260.253600
0.578955 263.260500
0.572423 266.281300
0.519039 269.315800
0.464018 272.380700
0.455522 275.451900
0.454116 278.474500
0.452709 281.195900
0.437218 284.186800
0.419181 287.447200
0.414349 290.069500
0.411945 293.801800
0.411297 296.777900
0.411028 299.905600
0.416341 302.075000
0.432485 305.455400
0.458427 308.987500
0.480148 311.426500
0.512835 315.211300
0.534617 317.818800
0.556405 320.493600
0.578189 323.203600
0.610872 327.275000
0.632653 329.993400
0.652276 332.715200
0.663163 335.440500
0.665345 338.169100
0.658807 342.268300
0.648993 345.005400
0.634832 347.745800
0.616314 350.489600
0.597251 353.236800
0.583075 357.363800
0.580092 360.119500
0.584723 362.878600
0.593713 365.640900
0.607067 368.406700
0.624770 371.175900
0.657042 375.335900
0.678823 378.113600
0.700627 380.894600
0.722406 383.678900
0.744197 386.466600
0.750016 389.257800
0.750001 392.052200
0.750014 396.250400
0.750000 399.053500
0.750001 401.859600
0.750000 404.669500
0.748909 407.482500
0.743461 410.299000
0.733652 413.118800
0.710785 417.354900
0.690083 420.183200
0.671015 423.015000
0.660299 425.849900
0.654260 428.688400
0.653308 432.078000
0.657924 434.921600
0.666920 437.768500
0.680270 440.618800
0.697980 443.472400
0.719363 446.329500
0.741138 449.189800
0.749995 452.053600
0.743465 456.355700
0.733659 459.228000
0.719497 462.103500
0.700976 464.982600
0.679186 467.864900
0.664886 470.750600
0.656852 473.639700
0.653855 476.532200
0.658496 479.428200
0.667493 482.327500
0.680836 485.230000
0.698532 488.136000
0.719920 491.045500
0.749989 495.415900
0.746337 498.589300
0.743071 500.049500
0.726733 504.435200
0.710390 507.363200
0.689691 510.294600
0.667905 513.229400
0.646116 516.167500
0.624330 519.109000
0.610028 522.054000
0.601984 525.002300
0.597475 527.953900
0.594934 530.908900
0.593479 533.867300
0.592687 536.829100
0.592229 539.794300
0.591981 542.762900
0.591831 545.734700
0.591769 548.710100
0.591716 551.688800
0.591694 554.671000
0.591677 557.656400
0.591661 560.645300
0.591640 563.637500
0.591652 566.633100
0.591651 569.632000
0.591646 572.634300
0.591647 575.640100
0.588391 578.649200
0.580752 581.661700
0.568768 584.677600
0.552439 587.696800
0.535268 590.719500
0.525631 593.745500
0.520190 596.774900
0.517139 599.807600
0.515427 602.843800
0.514454 605.588000
0.513913 608.004500
0.513514 611.148000
0.513308 614.682000
0.513247 617.705100
0.513231 620.394500
0.513223 623.460400
0.513213 626.326800
0.513220 629.078600
0.542626 632.297600
0.581380 635.483700
0.588486 638.112800
0.590286 641.261600
0.590613 644.411300
0.590675 647.040000
0.590691 650.201200
