0.500000 -96.666660
0.500000 -93.327670
0.500000 -93.126980
0.500000 -90.962020
0.500000 -87.842160
0.500000 -84.994000
0.500000 -81.909670
0.500000 -78.900660
0.500000 -75.836040
0.500000 -72.826540
0.500001 -69.937160
0.500000 -66.955060
0.500001 -63.981140
0.500000 -60.956880
0.500000 -57.681740
0.500000 -54.803410
0.500000 -51.786770
0.499999 -48.775680
0.500001 -45.929470
0.500000 -42.818520
0.499999 -39.764990
0.500001 -36.872340
0.500001 -33.992150
0.500001 -30.753010
0.500001 -27.860970
0.500000 -24.751010
0.500000 -21.803460
0.499999 -18.947230
0.499999 -15.830750
0.500000 -12.875640
0.499998 -9.985580
0.499999 -6.990372
0.500000 -3.768867
0.499999 -0.997437
0.499999 2.020538
0.499998 5.189728
0.500000 8.016434
0.499999 11.140950
0.499997 14.039440
0.499997 17.298860
0.500003 20.281200
0.499998 23.205190
0.500000 26.221250
0.499999 29.449540
0.499998 32.008360
0.500000 35.125370
0.500000 38.261890
0.500001 41.085360
0.500002 44.239690
0.499997 47.240190
0.499998 50.284820
0.500000 53.270450
0.499999 56.133260
0.499999 59.181930
0.500001 62.046360
0.499997 65.111100
0.500000 68.061870
0.499999 71.136290
0.499999 74.430860
0.500005 77.361510
0.500000 80.030330
0.500003 83.156110
0.499997 86.070370
0.500003 89.126480
0.499996 92.305530
0.500003 95.354680
0.500001 98.065750
0.499997 101.224200
0.500003 104.234400
0.499996 107.186900
0.500001 110.195600
0.500000 113.479100
0.500002 116.249100
0.500005 119.151300
0.499998 122.131300
0.499998 125.161800
0.500000 128.218100
0.499999 131.229900
0.499998 134.017000
0.499998 137.188200
0.499999 140.274300
0.499996 143.231900
0.499994 146.062900
0.499999 149.263300
0.499992 152.370300
0.500004 155.238100
0.500001 158.187300
0.499995 161.373000
0.499996 164.161400
0.499998 167.243900
0.499998 170.315300
0.500006 173.252200
0.499998 176.695200
0.500000 179.464100
0.500000 182.440300
0.500002 185.331300
0.500003 188.101500
0.499997 191.244600
0.500003 194.254700
0.500001 197.211900
0.499999 200.255100
0.499996 203.229700
0.500005 206.269400
0.499997 209.542200
0.499995 212.078700
0.499996 215.432000
0.499999 218.058100
0.500002 221.330400
0.500001 224.367500
0.499997 227.160600
0.500006 230.086700
0.499997 233.263200
0.500001 236.349300
0.499997 239.124500
0.499997 242.242600
0.500005 245.437600
0.499997 248.185600
0.499993 251.455200
0.499986 254.191600
0.500005 257.417900
0.500003 260.207600
0.500005 263.010000
0.499993 266.325300
0.499996 269.149900
0.500010 272.467200
0.499996 275.267900
0.499994 278.126500
0.500007 281.467400
0.499986 284.388500
0.499991 287.247800
0.500003 290.173800
0.500005 293.055100
0.499999 296.007000
0.500002 299.384900
0.499992 302.335700
0.500002 305.284300
0.499996 308.245800
0.499995 311.240100
0.499989 314.238500
0.499999 317.244300
0.500000 320.193700
0.500000 323.211800
0.499997 326.248300
0.500007 329.324800
0.500000 332.382900
0.500000 335.059400
0.499998 338.435300
0.499996 341.041000
0.499999 344.550500
0.499993 347.124500
0.500002 350.255100
0.500005 353.394700
0.500000 356.475000
0.499998 359.097800
0.488948 362.216800
0.452015 365.347800
0.427115 368.554500
0.423174 371.145700
0.422135 374.322000
0.423370 377.006000
0.447806 380.188500
0.491704 383.393800
0.528503 386.042600
0.564116 389.307900
0.571644 392.495000
0.572937 395.198200
0.573274 398.448200
0.558229 401.205800
0.518545 404.435800
0.480268 407.247200
0.442697 410.014900
0.419814 413.194500
0.415460 416.506700
0.414747 419.262200
0.421034 422.024800
0.454502 425.380600
0.491494 428.152600
0.527460 431.500500
0.534790 434.346400
0.533074 437.140000
0.506090 440.495500
0.469248 443.317000
0.432043 446.149700
0.394291 449.031100
0.370404 452.403600
0.374082 455.257900
0.397212 458.121500
0.442086 461.632100
0.478273 464.431400
0.510370 467.317700
0.515709 470.234200
0.497805 473.119800
0.468403 476.050800
0.458270 479.506500
0.458117 482.470300
0.475206 485.359900
0.509928 488.335900
0.532730 491.257700
0.538042 494.174700
0.526200 497.125900
0.495755 500.086200
0.457677 503.127600
0.421314 506.040200
0.384157 509.021800
0.351764 512.056500
0.342251 515.065500
0.339988 518.066200
0.353846 521.100500
0.385319 524.084500
0.422720 527.129700
0.459280 530.111000
0.497106 533.206100
0.533894 536.222500
0.555188 539.293900
0.546373 542.317600
0.518973 545.386500
0.481765 548.464700
0.451134 551.004600
0.414402 554.056100
0.399300 557.108800
0.413799 560.288900
0.445303 563.336400
0.482396 566.447900
0.517569 569.557200
0.529395 572.115000
0.527618 575.379500
0.507473 578.357900
0.473331 581.514800
0.464522 584.038900
0.477086 587.205100
0.508484 590.426100
0.530205 593.583300
0.525752 596.094300
0.503728 599.276900
0.476599 602.483000
0.470121 605.055300
0.467860 608.257800
0.467325 611.546200
0.467201 614.128700
0.467176 617.347400
0.467134 620.567200
0.467153 623.184500
0.467138 626.382600
0.467151 629.074500
0.467156 632.291100
0.466062 635.166100
0.451647 638.205000
0.425607 641.413400
0.417905 644.043200
0.415166 647.334200
0.414576 650.084200
0.414347 653.348000
0.414308 656.646500
0.414322 659.312100
0.428804 662.588100
0.453994 665.248100
0.471132 668.600200
0.474763 671.276500
0.476059 674.631600
0.476315 677.327800
0.476401 680.016400
0.476441 683.386200
0.476465 686.088700
0.476443 689.535700
0.476445 692.228600
0.476460 695.587800
0.476446 698.326800
0.476452 701.040500
0.476460 704.453000
0.476448 707.191800
0.476442 710.620800
0.476464 713.369900
0.476440 716.186500
0.476443 719.894100
0.476444 722.125100
0.476450 725.088400
0.476457 728.565600
0.476446 731.340500
0.476461 734.124900
0.476467 737.606500
0.476449 740.468900
0.476448 743.195300
0.476459 746.751600
0.476459 749.544600
0.476448 752.370200
0.476453 755.130800
0.476470 758.010600
0.476446 761.536600
0.476426 764.367400
0.476458 767.154700
0.476454 770.696500
0.476461 773.539400
0.476453 776.389400
0.476476 779.349800
0.476453 782.104400
0.476449 785.741400
0.476464 788.610800
0.476456 791.503200
0.476455 794.175900
0.476449 797.410900
0.476457 800.151100
0.476458 803.139200
0.476452 806.572600
0.476450 809.490200
0.476443 812.458800
0.476459 815.454500
0.476453 818.207100
0.476440 821.122900
0.476463 824.015300
0.476449 827.071300
0.476444 830.019500
0.476452 833.332900
0.476452 836.322800
0.476434 839.432800
0.476470 842.387800
0.476457 845.749300
0.476447 848.731100
0.476457 851.157000
0.476465 854.490700
0.476452 857.177400
0.476461 860.131700
0.476458 863.103000
0.476444 866.160500
0.466038 869.101300
0.444093 872.054700
0.423638 875.055100
0.417117 878.077700
0.415082 881.063800
0.414478 884.024200
0.417633 887.046900
0.433666 890.030000
0.461156 893.064500
0.481283 896.067600
0.487761 899.111300
0.489793 902.126200
0.490455 905.160900
0.490618 908.232200
0.490697 911.313600
0.490731 914.293600
0.490752 917.359000
0.490754 920.405300
0.484032 923.505000
0.464126 926.637500
0.441043 929.607400
0.432217 932.758900
0.429953 935.055300
0.428851 938.076800
0.428493 941.167600
0.428367 944.260100
0.428347 947.357200
0.428320 950.460300
0.428315 953.567900
0.428310 956.679900
0.428310 959.083600
0.428320 962.165300
0.428317 965.259900
0.428311 968.462000
0.432124 971.608600
0.448504 974.718300
0.461912 977.024300
0.468797 980.180700
0.470961 983.321300
0.471651 986.472200
0.471884 989.642100
0.471952 992.020300
0.471969 995.164800
0.471963 998.335700
0.471985 1001.511000
0.471950 1004.691000
0.471975 1007.082000
0.471976 1010.327000
0.471988 1013.471000
0.471993 1016.661000
0.468308 1019.056000
0.451495 1022.332000
0.435776 1025.466000
0.430550 1028.733000
0.429136 1031.190000
0.428453 1034.390000
0.424106 1037.544000
0.407242 1040.820000
0.393358 1043.268000
0.386376 1046.516000
0.389750 1049.684000
0.400888 1052.167000
0.425683 1055.391000
0.455808 1058.690000
0.475721 1061.073000
0.487406 1064.422000
0.491001 1067.690000
0.491945 1070.081000
0.492416 1073.422000
0.492563 1076.726000
0.492629 1079.182000
0.492653 1082.454000
0.492656 1085.700000
0.492654 1088.168000
0.492647 1091.522000
0.492648 1094.827000
0.491104 1097.341000
0.477988 1100.563000
0.462293 1103.036000
0.452959 1106.375000
0.450073 1109.705000
0.449324 1112.202000
0.450479 1115.675000
0.458674 1118.034000
0.481540 1121.508000
0.500549 1124.734000
0.505936 1127.255000
0.506739 1130.060000
0.496768 1133.157000
0.474571 1136.496000
0.457409 1139.026000
0.448699 1142.431000
0.446054 1145.810000
0.445252 1148.351000
0.444919 1151.730000
0.444873 1154.288000
0.444770 1157.661000
0.444764 1160.212000
0.444773 1163.606000
0.444727 1166.115000
0.444727 1169.565000
0.444774 1172.080000
0.444770 1175.495000
0.444750 1178.121000
0.444750 1181.529000
0.444748 1184.039000
0.444788 1187.549000
0.444741 1190.138000
0.444742 1193.547000
0.446315 1196.191000
0.459761 1199.601000
0.474814 1202.093000
0.484105 1205.564000
0.486520 1208.158000
0.487771 1211.696000
0.488039 1214.222000
0.488241 1217.697000
0.488288 1220.301000
0.488309 1223.779000
0.488284 1226.382000
0.488329 1229.025000
0.488332 1232.561000
0.481636 1235.182000
0.462567 1238.617000
0.447097 1241.251000
0.439335 1244.748000
0.437216 1247.381000
0.436419 1250.020000
0.435922 1253.585000
0.435816 1256.242000
0.435756 1259.723000
0.435754 1262.354000
0.435749 1265.045000
0.435731 1268.524000
0.435726 1271.195000
0.446033 1274.781000
0.461877 1277.475000
0.471950 1280.085000
0.477187 1283.711000
0.478547 1286.355000
0.479178 1289.874000
0.479371 1292.204000
0.479483 1295.273000
0.479491 1298.860000
0.479533 1301.534000
0.479487 1304.312000
0.479529 1307.738000
0.479557 1310.542000
0.476045 1313.112000
0.458883 1316.854000
0.445666 1319.512000
0.439801 1322.269000
0.436971 1325.808000
0.436198 1328.513000
0.435867 1331.207000
0.435712 1334.806000
0.435673 1337.701000
0.435654 1340.197000
0.435630 1343.839000
0.435630 1346.575000
0.435646 1349.363000
0.435628 1352.104000
0.435640 1355.737000
0.435602 1358.475000
0.435627 1361.215000
0.435602 1364.814000
0.435630 1367.803000
0.431448 1370.293000
0.420415 1373.054000
0.397660 1376.712000
0.388799 1379.510000
0.385143 1382.269000
0.383610 1385.028000
0.382857 1388.687000
0.382631 1391.455000
0.383994 1394.219000
0.393064 1397.066000
0.414956 1400.704000
0.436014 1403.517000
0.445642 1406.265000
0.449740 1409.053000
0.451824 1412.798000
0.452337 1415.570000
0.452555 1418.412000
0.452670 1421.219000
0.452709 1424.878000
0.452726 1427.681000
0.452713 1430.483000
0.452721 1433.294000
0.452760 1436.100000
0.452729 1439.862000
0.452756 1442.726000
0.452704 1445.557000
0.452776 1448.377000
0.452717 1451.203000
0.452748 1454.001000
0.452750 1457.774000
0.452756 1460.600000
0.452754 1463.453000
0.452728 1466.209000
0.452752 1469.048000
0.452702 1472.846000
0.452753 1475.868000
0.452765 1478.531000
0.452764 1481.381000
0.452736 1484.233000
0.452753 1487.090000
0.452736 1490.005000
0.452761 1493.819000
0.452742 1496.697000
0.452696 1499.493000
0.452769 1502.356000
0.452757 1505.227000
0.452754 1508.181000
0.452762 1511.059000
0.452740 1514.930000
0.452748 1517.698000
0.452720 1520.678000
0.452745 1523.528000
0.452716 1526.345000
0.452693 1529.238000
0.452721 1532.221000
0.452757 1535.044000
0.452730 1538.024000
0.452789 1541.861000
0.452730 1544.806000
0.452732 1547.629000
0.452758 1550.618000
0.452741 1553.461000
0.452718 1556.397000
0.452728 1559.329000
0.452760 1562.301000
0.452734 1565.158000
0.452725 1568.081000
0.452744 1571.033000
0.452714 1574.972000
0.452732 1577.142000
0.452733 1581.330000
0.452779 1584.059000
0.452750 1586.523000
0.452726 1589.575000
0.452737 1592.554000
0.452744 1595.502000
0.452732 1598.995000
0.452760 1601.417000
0.452744 1604.505000
0.452746 1607.384000
0.452757 1610.635000
0.452788 1613.846000
0.452724 1617.464000
0.452752 1619.242000
0.452758 1622.161000
0.452732 1625.157000
0.452729 1628.184000
0.452708 1631.273000
0.452712 1634.476000
0.452736 1637.694000
0.452728 1641.740000
0.452740 1644.001000
0.454459 1646.081000
0.467425 1649.943000
0.483024 1652.940000
0.490948 1656.001000
0.494207 1658.958000
0.495634 1661.961000
0.496070 1664.339000
0.496393 1667.190000
0.490083 1670.947000
0.475705 1674.188000
0.463304 1676.979000
0.458823 1679.063000
0.455576 1682.099000
0.454240 1685.154000
0.453364 1689.031000
0.453112 1691.113000
0.452990 1694.086000
0.452936 1697.106000
0.452903 1700.162000
0.452918 1703.189000
0.452853 1706.230000
0.452876 1709.271000
0.454614 1712.502000
0.463266 1715.426000
0.478755 1718.445000
0.494222 1721.495000
0.500804 1724.596000
0.503521 1727.634000
0.504673 1730.693000
0.505184 1733.764000
0.505404 1736.847000
0.505479 1739.918000
0.505494 1742.879000
0.505525 1745.968000
0.505581 1748.044000
0.505552 1751.064000
0.505537 1754.221000
0.499008 1757.233000
0.485347 1760.372000
0.471826 1763.445000
0.465926 1766.589000
0.463569 1769.637000
0.462499 1772.807000
0.462063 1775.855000
0.461862 1779.056000
0.461757 1782.044000
0.461799 1784.089000
0.461766 1787.206000
0.461773 1790.243000
0.461748 1793.419000
0.461762 1796.536000
0.461781 1799.662000
0.461735 1802.823000
0.461764 1805.893000
0.461781 1808.924000
0.461750 1811.006000
0.461732 1814.210000
0.461742 1817.343000
0.461732 1820.385000
0.461722 1823.585000
0.461768 1826.752000
0.461778 1829.847000
0.461749 1832.966000
0.461763 1835.036000
0.461721 1838.184000
0.461747 1841.327000
0.461752 1844.547000
0.461752 1847.631000
0.461728 1850.879000
0.461717 1854.034000
0.461735 1856.054000
0.461764 1859.217000
0.461741 1862.384000
0.461772 1865.548000
0.461728 1868.719000
0.461738 1871.892000
0.461759 1874.021000
0.461729 1877.259000
0.461707 1880.446000
0.461746 1883.553000
0.461708 1886.742000
0.461731 1889.920000
0.461752 1892.044000
0.461757 1895.237000
0.461732 1898.445000
0.461725 1901.635000
0.461729 1904.840000
0.461693 1907.044000
0.461731 1910.232000
0.461735 1913.374000
0.461722 1916.587000
0.461780 1919.802000
0.461753 1923.010000
0.461771 1925.152000
0.461757 1928.454000
0.461761 1931.683000
0.461735 1934.865000
0.461754 1938.118000
0.461770 1940.315000
0.461732 1943.417000
0.461764 1946.658000
0.461746 1949.903000
0.461794 1952.088000
0.461743 1955.333000
0.461752 1958.648000
0.461732 1962.472000
0.461765 1964.975000
0.461743 1967.153000
0.461704 1970.442000
0.461729 1973.689000
0.461749 1977.327000
0.461704 1979.836000
0.461726 1982.923000
0.461754 1985.398000
0.460384 1989.430000
0.457320 1991.107000
0.445590 1994.523000
0.430597 1997.679000
0.422866 2000.984000
0.420543 2003.060000
0.418697 2006.333000
0.417903 2009.625000
0.417588 2012.893000
0.417452 2015.077000
0.417421 2018.363000
0.417339 2021.648000
0.418816 2024.916000
0.424017 2027.136000
0.437292 2030.424000
0.457949 2033.814000
0.472866 2036.007000
0.492874 2039.265000
0.502735 2042.601000
0.506804 2045.971000
0.508037 2048.124000
0.509044 2051.357000
0.509465 2054.748000
0.509680 2058.035000
0.509658 2060.185000
0.509700 2063.598000
0.509747 2066.826000
0.509767 2069.042000
0.509709 2072.362000
0.509718 2075.690000
0.509746 2078.051000
0.509743 2081.331000
0.506057 2084.632000
0.494747 2088.017000
0.483433 2090.273000
0.473450 2093.577000
0.469223 2096.916000
0.467817 2099.151000
0.466776 2102.412000
0.466344 2105.789000
0.466209 2108.003000
0.466113 2111.353000
0.466095 2114.716000
0.466046 2117.050000
0.466064 2120.434000
0.466006 2123.686000
0.466024 2126.029000
0.466003 2129.395000
0.466026 2132.860000
0.466017 2136.142000
0.466025 2138.390000
0.466039 2141.645000
0.466049 2145.041000
0.466025 2147.314000
0.466034 2150.698000
0.466008 2153.068000
0.466049 2156.460000
0.466031 2159.834000
0.466051 2162.092000
0.466011 2165.489000
0.466037 2168.802000
0.466009 2171.071000
0.466039 2174.472000
0.466048 2177.885000
0.466005 2180.152000
0.466022 2183.575000
0.472676 2186.953000
0.479258 2189.235000
0.484170 2192.681000
0.486216 2196.104000
0.486801 2198.372000
0.487317 2201.792000
0.487504 2204.098000
0.487608 2207.583000
0.487666 2210.944000
0.487674 2213.239000
0.483924 2216.711000
0.477170 2219.036000
0.461229 2222.511000
0.441930 2225.888000
0.434899 2228.107000
0.429223 2231.663000
0.426965 2235.108000
0.426269 2237.317000
0.425688 2240.776000
0.425521 2243.077000
0.425380 2246.526000
0.425362 2249.036000
0.425326 2252.299000
0.425322 2255.896000
0.425323 2258.073000
0.425285 2261.542000
0.425307 2265.112000
0.428834 2267.321000
0.440035 2270.802000
0.449028 2273.099000
0.455911 2276.601000
0.458114 2279.015000
0.459732 2282.431000
0.460419 2285.898000
0.460626 2288.218000
0.460755 2291.807000
0.460799 2294.034000
0.460879 2297.537000
0.460873 2301.028000
0.460900 2303.484000
0.457029 2306.082000
0.446856 2309.201000
0.428745 2312.769000
0.416051 2315.038000
0.406564 2318.725000
0.409774 2322.058000
