0.500000 -96.666660
0.500000 -93.327670
0.500000 -93.126980
0.500000 -90.936230
0.500000 -87.798070
0.500000 -84.888890
0.500000 -81.865650
0.500000 -78.883980
0.500000 -75.986690
0.500000 -72.861830
0.500001 -69.723460
0.500000 -66.821400
0.500000 -63.919640
0.500000 -60.826400
0.500000 -57.965960
0.500000 -54.918270
0.500000 -51.760330
0.500000 -48.614800
0.500000 -45.965420
0.500000 -42.967480
0.499999 -39.860900
0.499999 -36.850490
0.499998 -33.958660
0.500001 -30.980940
0.499999 -27.832870
0.500001 -24.754500
0.473705 -21.842030
0.385181 -18.768030
0.322917 -15.893000
0.317793 -12.740650
0.337483 -9.828758
0.416537 -6.888649
0.459543 -3.859680
0.442564 -0.866928
0.363526 2.194237
0.342340 5.016045
0.341127 8.158417
0.351059 11.009900
0.426040 14.228360
0.473787 17.152630
0.477553 20.093610
0.477769 23.084090
0.477780 26.099770
0.477783 29.145450
0.477783 32.219480
0.476210 35.024430
0.422969 38.131810
0.394504 41.316970
0.392958 44.156680
0.423674 47.038330
0.436337 50.281130
0.437035 53.216140
0.437086 56.175870
0.437091 59.157350
0.452321 62.163570
0.471671 65.195370
0.473110 68.240890
0.471507 71.367030
0.433577 74.066420
0.405579 77.185680
0.403497 80.381230
0.433422 83.133930
0.445875 86.318370
0.446776 89.166200
0.467333 92.029430
0.489738 95.280380
0.491367 98.211550
0.491527 101.145000
0.491542 104.052200
0.491543 107.015200
0.491540 110.370800
0.491541 113.397200
0.491548 116.038700
0.491543 119.038300
0.491542 122.119500
0.487889 125.183100
0.444148 128.273300
0.424159 131.356800
0.422232 134.085300
0.421960 137.224800
0.433113 140.095000
0.467638 143.152700
0.473417 146.348800
0.473972 149.157700
0.474040 152.110600
0.474051 155.219000
0.472381 158.122300
0.433541 161.375800
0.383761 164.227200
0.369226 167.122700
0.367288 170.032100
0.367012 173.375800
0.366986 176.311100
0.366983 179.296600
0.366982 182.232600
0.366983 185.216700
0.355677 188.232700
0.316036 191.207600
0.305005 194.277500
0.303570 197.323700
0.323392 200.358200
0.372968 203.411400
0.417595 206.049600
0.469261 209.116200
0.501317 212.219400
0.505960 215.387100
0.506527 218.018000
0.504885 221.276600
0.474747 224.312300
0.444522 227.033800
0.438397 230.229700
0.437586 233.421300
0.441111 236.175200
0.477185 239.384000
0.495515 242.161800
0.498952 245.412400
0.499400 248.213100
0.499479 251.006200
0.499489 254.300500
0.499489 257.168200
0.499497 260.439200
0.499495 263.295400
0.499499 266.170700
0.501643 269.017600
0.527753 272.041600
0.556961 275.274000
0.561348 278.175100
0.562134 281.088100
0.562285 284.027400
0.562290 287.502200
0.562312 290.376600
0.562309 293.371800
0.551947 296.333100
0.514618 299.313800
0.469545 302.330200
0.424279 305.370800
0.390785 308.267700
0.383031 311.299300
0.395362 314.308800
0.434573 317.403500
0.463956 320.410200
0.469745 323.455900
0.470707 326.006800
0.470957 329.083200
0.460670 332.163300
0.423660 335.262900
0.399042 338.377600
0.394941 341.004700
0.393910 344.110500
0.400151 347.224400
0.433535 350.393600
0.456082 353.010500
0.461919 356.171600
0.462956 359.344700
0.463124 362.041900
0.463181 365.254300
0.463183 368.449600
0.463183 371.140000
0.463181 374.288700
0.463178 377.013900
0.463188 380.263600
0.463184 383.508700
0.463180 386.203600
0.463174 389.508300
0.448604 392.189700
0.413739 395.480100
0.403918 398.250200
0.401620 401.008300
0.403339 404.631500
0.419832 407.073000
0.452716 410.445000
0.459916 413.201800
0.462220 416.616600
0.462733 419.355300
0.462865 422.152300
0.462896 425.135500
0.462904 428.370600
0.462907 431.153900
0.462908 434.057300
0.462904 437.409700
0.462909 440.309200
0.462910 443.170000
0.462902 446.031700
0.462904 449.487500
0.462915 452.358300
0.462913 455.270100
0.462909 458.093700
0.462905 461.576800
0.462920 464.485700
0.462914 467.402900
0.462907 470.332500
0.462917 473.260600
0.462908 476.199000
0.462906 479.152000
0.462899 482.140300
0.462911 485.061000
0.462910 488.032000
0.462905 491.059200
0.462920 494.622500
0.462915 497.564900
0.462915 500.614100
0.462908 503.568300
0.462910 506.614300
0.462913 509.046400
0.462911 512.054500
0.462913 515.202700
0.462914 518.293700
0.462909 521.836200
0.462910 524.158600
0.462915 527.341200
0.462917 530.363300
0.462915 533.439500
0.462911 536.473100
0.462916 539.499300
0.461183 542.064100
0.442890 545.072300
0.418812 548.154200
0.415188 551.258000
0.431375 554.400600
0.459200 557.501300
0.467428 560.003000
0.470282 563.171500
0.470938 566.273600
0.471083 569.420800
0.471129 572.575000
0.471132 575.135100
0.471164 578.331100
0.471143 581.470300
0.471157 584.005800
0.471154 587.246300
0.471158 590.381800
0.464094 593.023400
0.436930 596.326400
0.406862 599.369800
0.397220 602.591700
0.395190 605.169200
0.394486 608.418200
0.394318 611.030800
0.394258 614.303300
0.394247 617.504300
0.394247 620.131800
0.394247 623.425500
0.394244 626.654400
0.394245 629.274900
0.394251 632.597000
0.394255 635.224200
0.394239 638.501300
0.394237 641.156900
0.394243 644.465900
0.394244 647.111000
0.394236 650.437700
0.394246 653.107600
0.409269 656.495900
0.434116 659.121000
0.462284 662.537000
0.468661 665.165900
0.470938 668.544400
0.471431 671.228900
0.471587 674.608000
0.471613 677.316300
0.471630 680.116000
0.471672 683.451500
0.471632 686.240600
0.471661 689.688400
0.471648 692.350600
0.471631 695.069600
0.471648 698.443100
0.461351 701.201200
0.431718 704.633700
0.410916 707.422200
0.404368 710.273500
0.402216 713.608200
0.401724 716.377400
0.411479 719.135900
0.438427 722.620500
0.448714 725.408300
0.451994 728.209500
0.453134 731.692300
0.453363 734.546100
0.453450 737.303200
0.460809 740.137900
0.484723 743.672900
0.493748 746.456100
0.496645 749.279900
0.497614 752.102800
0.497930 755.654400
0.496455 758.656400
0.483822 761.323900
0.458295 764.215800
0.443088 767.054900
0.437683 770.602200
0.438012 773.481600
0.450835 776.415400
0.472104 779.189600
0.482428 782.145800
0.485562 785.029000
0.486641 788.568000
0.486875 791.461200
0.483220 794.425400
0.467091 797.290600
0.445945 800.160400
0.438060 803.129200
0.435627 806.029300
0.434763 809.648700
0.434590 812.609800
0.444907 815.558000
0.466805 818.447800
0.487194 821.370200
0.493723 824.355000
0.495720 827.244600
0.494833 830.319600
0.482367 833.153400
0.463813 836.111900
0.456975 839.129200
0.454898 842.050700
0.454207 845.021400
0.453991 848.093400
0.453905 851.733100
0.453886 854.042800
0.453894 857.092100
0.453900 860.034900
0.453092 863.017700
0.441938 866.141300
0.434816 869.030000
0.432318 872.037400
0.431560 875.104600
0.431303 878.126600
0.434962 881.204400
0.451373 884.196800
0.466964 887.189400
0.472518 890.495400
0.470896 893.220900
0.455753 896.361000
0.441174 899.344800
0.436394 902.414400
0.434894 905.478600
0.434409 908.553000
0.434265 911.640400
0.434216 914.701300
0.434202 917.004800
0.434188 920.131500
0.434206 923.212000
0.434190 926.277100
0.434194 929.372200
0.434189 932.578200
0.432039 935.622700
0.418621 938.728500
0.406443 941.115500
0.400596 944.190800
0.398685 947.287700
0.398082 950.477800
0.397883 953.585100
0.397835 956.709800
0.397827 959.102300
0.404595 962.269400
0.423691 965.367600
0.435949 968.525000
0.439767 971.665400
0.440807 974.041000
0.441319 977.219700
0.441491 980.387100
0.431213 983.553100
0.414573 986.781900
0.409529 989.182400
0.407000 992.375400
0.406184 995.575900
0.405952 998.772100
0.405874 1001.200000
0.405856 1004.387000
0.405846 1007.597000
0.405842 1010.011000
0.405835 1013.232000
0.405823 1016.468000
0.405836 1019.710000
0.405842 1022.101000
0.405835 1025.291000
0.405829 1028.595000
0.405838 1031.027000
0.405814 1034.285000
0.405840 1037.478000
0.405825 1040.739000
0.405824 1043.186000
0.405830 1046.448000
0.405831 1049.721000
0.405836 1052.182000
0.405832 1055.500000
0.416342 1058.779000
0.431921 1061.240000
0.461137 1064.558000
0.484217 1067.115000
0.507532 1070.269000
0.516192 1073.574000
0.518532 1076.053000
0.519693 1079.403000
0.520028 1082.685000
0.520150 1085.230000
0.520196 1088.499000
0.513482 1091.834000
0.499564 1094.442000
0.483739 1097.736000
0.479552 1100.176000
0.477384 1103.525000
0.476794 1106.053000
0.476498 1109.459000
0.476418 1112.743000
0.476392 1115.262000
0.476384 1118.625000
0.476374 1121.154000
0.476405 1124.526000
0.476394 1127.060000
0.476380 1130.534000
0.476382 1133.015000
0.474273 1136.354000
0.460232 1139.910000
0.442876 1142.367000
0.418340 1145.765000
0.410913 1148.402000
0.407408 1151.744000
0.406470 1154.240000
0.405987 1157.726000
0.405864 1160.220000
0.405804 1163.049000
0.412618 1166.359000
0.431135 1169.655000
0.447124 1172.216000
0.455221 1175.797000
0.457188 1178.335000
0.458216 1181.814000
0.458513 1184.380000
0.458609 1187.842000
0.458725 1190.456000
0.458679 1193.037000
0.459431 1196.489000
0.465961 1199.026000
0.485719 1202.581000
0.506671 1205.106000
0.534434 1208.577000
0.544346 1211.209000
0.549186 1214.706000
0.550492 1217.329000
0.544725 1220.873000
0.532165 1223.475000
0.512561 1226.135000
0.488191 1229.647000
0.480783 1232.321000
0.477209 1235.829000
0.476235 1238.398000
0.475814 1241.258000
0.471170 1244.567000
0.461476 1247.208000
0.455627 1250.754000
0.453949 1253.462000
0.453357 1256.086000
0.453008 1259.632000
0.452919 1262.297000
0.452910 1265.867000
0.452893 1268.526000
0.452854 1271.202000
0.452853 1274.773000
0.452838 1277.552000
0.452828 1280.205000
0.452849 1283.785000
0.452814 1286.476000
0.452865 1289.168000
0.452855 1292.762000
0.452868 1295.463000
0.452852 1298.167000
0.452848 1301.697000
0.452833 1304.464000
0.452832 1307.108000
0.452851 1310.721000
0.452845 1313.443000
0.452897 1316.152000
0.452824 1319.901000
0.452893 1322.501000
0.452166 1325.211000
0.445174 1328.086000
0.427730 1331.771000
0.421440 1334.344000
0.418548 1337.067000
0.417112 1340.798000
0.416750 1343.519000
0.418358 1346.410000
0.426863 1349.052000
0.448387 1352.611000
0.465864 1355.375000
0.473281 1358.208000
0.476791 1361.826000
0.477815 1364.681000
0.478158 1367.354000
0.476539 1370.306000
0.463712 1373.853000
0.446287 1376.596000
0.434748 1379.405000
0.429853 1382.189000
0.427476 1385.850000
0.425788 1388.847000
0.418757 1391.465000
0.406784 1394.214000
0.400649 1397.045000
0.397629 1400.770000
0.396800 1403.570000
0.396447 1406.369000
0.396259 1409.172000
0.396244 1412.903000
0.402913 1415.690000
0.416244 1418.500000
0.430264 1421.398000
0.435801 1424.110000
0.438735 1427.861000
0.439508 1430.682000
0.439810 1433.590000
0.440000 1436.423000
0.440030 1439.246000
0.440044 1442.001000
0.440039 1445.779000
0.440058 1448.639000
0.440068 1451.473000
0.440044 1454.313000
0.442458 1457.370000
0.451649 1460.210000
0.467211 1463.803000
0.472356 1466.740000
0.474492 1469.514000
0.475348 1472.374000
0.475805 1475.234000
0.475939 1478.176000
0.476006 1482.003000
0.476014 1484.874000
0.476075 1487.685000
0.476043 1490.583000
0.476065 1493.510000
0.469612 1496.349000
0.456434 1499.187000
0.438393 1502.135000
0.428244 1505.937000
0.425452 1508.840000
0.424275 1511.717000
0.423768 1514.605000
0.423577 1517.643000
0.427017 1520.436000
0.439232 1523.607000
0.453099 1526.219000
0.460944 1529.136000
0.464219 1532.047000
0.465612 1535.055000
0.460024 1538.843000
0.447320 1541.818000
0.434286 1544.697000
0.428641 1547.621000
0.426268 1550.634000
0.425282 1553.484000
0.424869 1556.414000
0.426171 1559.406000
0.434804 1562.291000
0.450241 1565.231000
0.460809 1568.260000
0.465141 1571.189000
0.466928 1574.071000
0.467697 1577.025000
0.468024 1580.965000
0.468183 1584.042000
0.468199 1586.900000
0.468226 1589.850000
0.468256 1592.828000
0.461670 1595.764000
0.448371 1598.740000
0.430367 1601.764000
0.421864 1604.698000
0.418179 1607.674000
0.416646 1610.710000
0.415956 1613.697000
0.415676 1616.637000
0.415566 1619.706000
0.415521 1622.607000
0.415460 1625.696000
0.415494 1628.599000
0.415459 1631.608000
0.415481 1634.606000
0.415441 1637.683000
0.417014 1640.678000
0.425706 1643.626000
0.441109 1646.623000
0.460719 1649.617000
0.470588 1652.657000
0.474671 1655.676000
0.476425 1658.698000
0.477170 1661.805000
0.477465 1664.841000
0.477656 1667.778000
0.477668 1670.875000
0.477639 1673.931000
0.477688 1676.957000
0.477758 1680.004000
0.477710 1682.030000
0.477695 1686.019000
0.477671 1688.036000
0.477706 1691.167000
0.477718 1694.218000
0.477680 1697.285000
0.477706 1700.359000
0.477677 1703.405000
0.477710 1706.451000
0.477703 1709.531000
0.477704 1712.603000
0.477749 1715.652000
0.477649 1718.686000
0.477697 1721.729000
0.477698 1724.856000
0.477703 1727.987000
0.477662 1731.054000
0.477709 1733.152000
0.477685 1736.137000
0.477676 1739.260000
0.473978 1742.312000
0.461936 1745.594000
0.444461 1748.574000
0.433202 1751.611000
0.428353 1754.688000
0.426302 1757.784000
0.425428 1760.929000
0.425104 1763.972000
0.424926 1766.550000
0.424868 1769.167000
0.424838 1772.334000
0.424818 1775.529000
0.424795 1778.618000
0.424805 1781.698000
0.424813 1784.795000
0.424781 1787.975000
0.424805 1790.009000
0.424807 1793.136000
0.424810 1796.327000
0.431520 1799.469000
0.444951 1802.603000
0.462356 1805.681000
0.471187 1808.894000
0.474874 1812.069000
0.476015 1814.075000
0.476920 1817.279000
0.477230 1820.382000
0.477423 1823.588000
0.477488 1826.733000
0.477522 1829.869000
0.477508 1833.106000
0.477537 1835.151000
0.477520 1838.315000
0.477544 1841.493000
0.477548 1844.670000
0.477505 1847.851000
0.477543 1851.027000
0.477539 1853.225000
0.477563 1856.322000
0.477537 1859.513000
0.477527 1862.696000
0.477558 1865.888000
0.477539 1868.079000
0.477554 1871.460000
0.477533 1874.485000
0.477521 1877.675000
0.477506 1880.908000
0.477549 1883.050000
0.477488 1886.252000
0.477501 1889.475000
0.477492 1892.629000
0.477548 1895.851000
0.477549 1899.065000
0.477513 1901.199000
0.477518 1904.385000
0.477527 1907.694000
0.477530 1910.926000
0.477534 1914.134000
0.477521 1916.316000
0.477491 1919.457000
0.477537 1922.688000
0.477548 1925.940000
0.477561 1928.096000
0.477531 1931.354000
0.477534 1934.675000
0.477522 1937.833000
0.477549 1940.118000
0.477531 1943.250000
0.471127 1946.492000
0.457675 1949.756000
0.437344 1953.069000
0.427303 1955.333000
0.420416 1958.453000
0.417387 1961.720000
0.416071 1965.016000
0.415698 1967.181000
0.415359 1970.457000
0.416766 1973.857000
0.425166 1976.999000
0.435084 1979.258000
0.452522 1982.530000
0.461259 1985.838000
0.464024 1988.024000
0.466034 1991.266000
0.466911 1994.555000
0.465593 1998.102000
0.461010 2000.101000
0.448061 2003.360000
0.428630 2006.624000
0.415832 2009.949000
0.411660 2012.161000
0.408679 2015.472000
0.407364 2018.778000
0.406899 2022.090000
0.408312 2024.407000
0.416782 2027.667000
0.432047 2030.980000
0.443568 2033.185000
0.452196 2036.563000
0.455794 2039.812000
0.457039 2042.141000
0.462751 2045.353000
0.475359 2048.684000
0.492532 2052.058000
0.498791 2054.257000
0.503531 2057.601000
0.505510 2060.957000
0.506178 2063.183000
0.506671 2066.530000
0.506809 2069.882000
0.506960 2072.187000
0.506945 2075.472000
0.506938 2078.822000
0.506978 2081.057000
0.506990 2084.417000
0.506947 2087.796000
0.506955 2090.038000
0.506990 2093.406000
0.505406 2096.827000
0.496478 2100.182000
0.487153 2102.373000
0.467081 2105.757000
0.456884 2108.111000
0.449600 2111.491000
0.446635 2114.789000
0.445602 2117.183000
0.444932 2120.434000
0.444596 2123.939000
0.444502 2126.178000
0.444415 2129.483000
0.444386 2132.985000
0.444402 2135.243000
0.444364 2138.551000
0.444386 2142.056000
0.444363 2144.331000
0.444349 2147.730000
0.444375 2150.020000
0.444366 2153.457000
0.444374 2156.855000
0.444398 2159.375000
0.444377 2162.487000
0.444384 2165.915000
0.444387 2168.191000
0.444390 2171.585000
0.444351 2175.013000
0.444341 2177.307000
0.444389 2180.741000
0.444364 2183.042000
0.446137 2186.692000
0.454573 2189.903000
0.464230 2192.191000
0.484299 2195.633000
0.497276 2199.097000
0.501343 2201.397000
0.504443 2204.847000
0.505430 2207.157000
0.506126 2210.612000
0.506422 2214.073000
0.506524 2216.426000
0.498708 2220.365000
0.492102 2222.205000
0.474546 2225.666000
0.465565 2228.006000
0.459253 2231.389000
0.456457 2234.865000
0.454512 2237.426000
0.445924 2240.959000
0.434159 2244.131000
0.429157 2246.492000
0.425551 2249.976000
0.424379 2252.306000
0.423546 2255.775000
0.423281 2258.093000
0.423057 2261.632000
0.424514 2265.192000
0.429332 2267.390000
0.442625 2270.905000
0.453218 2273.254000
0.460900 2276.757000
0.463391 2279.103000
0.465172 2282.606000
0.465967 2286.216000
0.466192 2288.457000
0.466422 2291.965000
0.466491 2294.399000
0.466522 2297.879000
0.466467 2300.183000
0.466486 2303.815000
0.462993 2306.054000
0.451682 2309.641000
0.445569 2312.089000
0.441427 2315.484000
0.439577 2319.082000
0.438940 2321.455000
0.438554 2324.923000
0.436208 2327.256000
0.426916 2330.854000
0.416964 2333.232000
0.407491 2336.824000
0.404563 2339.192000
0.402403 2342.649000
0.401751 2345.012000
0.401211 2348.666000
0.401060 2351.038000
0.400902 2354.625000
0.407388 2358.130000
0.416327 2360.724000
0.431266 2364.168000
0.436971 2366.484000
0.441274 2370.104000
0.445497 2372.436000
0.457679 2376.050000
0.469247 2378.411000
0.485532 2382.072000
0.490203 2384.272000
0.494149 2387.857000
0.495356 2390.254000
0.496228 2393.841000
0.496554 2396.232000
0.496877 2400.146000
0.496827 2402.222000
0.496865 2405.819000
0.496866 2408.291000
0.496910 2411.917000
0.496931 2414.317000
0.493504 2417.835000
0.486838 2420.224000
0.473144 2423.894000
0.468047 2426.266000
0.464289 2429.876000
0.463034 2432.371000
0.462218 2435.904000
0.461858 2438.319000
0.461607 2441.934000
0.461483 2444.350000
0.461532 2447.979000
0.461510 2450.412000
0.461470 2454.156000
0.461455 2456.541000
0.461505 2460.108000
0.461513 2462.530000
0.461403 2466.173000
0.461422 2468.591000
0.461473 2471.024000
0.461453 2474.672000
0.460752 2477.068000
0.453860 2480.819000
0.445947 2483.184000
0.433840 2486.832000
0.429844 2489.321000
0.427160 2492.955000
0.426216 2495.377000
0.425533 2499.039000
0.425251 2501.484000
0.425157 2505.149000
0.425163 2507.610000
0.426677 2510.162000
0.435433 2513.761000
0.444967 2516.198000
0.458552 2519.864000
0.462992 2522.290000
0.466275 2525.969000
0.467317 2528.479000
0.467983 2532.129000
0.468310 2534.756000
0.468464 2537.008000
0.468663 2540.722000
0.468624 2543.189000
0.468603 2546.901000
0.468605 2549.357000
0.468608 2553.157000
0.464985 2555.586000
0.458417 2558.046000
0.442966 2561.753000
0.435035 2564.272000
0.429231 2568.030000
0.427502 2570.351000
0.425999 2574.159000
0.425573 2576.647000
0.425333 2579.148000
0.425069 2582.922000
0.425103 2585.321000
0.425084 2589.046000
0.425064 2591.413000
0.424938 2595.144000
0.425025 2597.752000
0.425065 2600.238000
0.424953 2603.875000
0.425019 2606.469000
0.425054 2610.108000
0.425000 2612.691000
0.424991 2615.181000
0.425026 2618.961000
0.424947 2621.466000
0.425044 2625.197000
0.425065 2627.593000
0.424949 2630.239000
0.425048 2633.853000
0.425025 2636.350000
0.424989 2640.106000
0.425016 2642.622000
0.424998 2645.126000
0.425039 2648.906000
0.424989 2651.475000
0.425023 2655.329000
0.425060 2657.797000
0.425048 2660.207000
0.425021 2664.087000
0.425046 2666.633000
0.425035 2669.124000
0.425058 2672.821000
0.425065 2675.327000
0.425037 2679.121000
0.424989 2681.738000
0.425016 2684.260000
0.424977 2688.064000
0.426526 2690.603000
0.431498 2693.015000
0.445113 2696.892000
0.458198 2699.499000
0.481541 2703.497000
0.494759 2705.742000
0.509277 2708.235000
0.530284 2712.095000
0.537670 2714.741000
0.541707 2717.217000
0.544755 2721.020000
0.545821 2723.592000
0.546244 2726.195000
0.546794 2729.955000
0.546911 2732.453000
0.546950 2735.058000
0.546958 2738.882000
0.546958 2741.315000
0.547028 2744.027000
0.546949 2747.836000
0.547022 2750.377000
0.547078 2754.214000
0.546938 2756.660000
0.543367 2759.198000
0.532346 2763.046000
0.521071 2765.639000
0.506404 2768.303000
0.484480 2772.065000
0.471259 2774.580000
0.463885 2777.180000
0.458334 2781.138000
0.456651 2783.588000
0.455658 2786.179000
0.454996 2790.027000
0.454761 2792.604000
0.453944 2795.168000
0.446621 2799.183000
0.440126 2801.603000
0.436402 2804.187000
0.433635 2808.078000
0.432672 2810.769000
0.432173 2813.244000
0.431845 2817.127000
0.431670 2819.912000
0.431608 2822.362000
0.435327 2826.229000
0.441868 2828.755000
0.451460 2831.356000
0.469036 2835.232000
0.476094 2838.007000
0.479613 2840.524000
0.481710 2843.061000
0.483262 2847.035000
0.483793 2849.642000
0.482687 2852.204000
0.474186 2856.101000
0.464829 2858.704000
0.454567 2861.340000
0.447082 2865.252000
0.444630 2867.862000
0.443404 2870.468000
0.442662 2873.008000
0.442058 2876.906000
0.441836 2879.524000
0.441795 2882.135000
0.441726 2886.164000
0.441695 2888.691000
0.441651 2891.297000
0.441598 2894.004000
0.441610 2897.940000
0.441646 2900.468000
0.441566 2903.103000
0.441601 2907.023000
0.441710 2909.833000
0.441755 2912.284000
0.441682 2915.124000
0.441590 2918.946000
0.441689 2921.639000
0.441631 2924.210000
0.441641 2928.077000
0.441662 2930.724000
0.441651 2933.345000
0.441608 2937.292000
0.445499 2940.015000
0.451973 2942.555000
0.461873 2945.266000
0.472653 2948.029000
0.480146 2951.821000
0.482522 2954.463000
0.483993 2957.186000
