0.500000 -96.666660
0.500000 -93.327670
0.500000 -93.126980
0.500000 -90.833290
0.500000 -87.904550
0.500000 -84.867130
0.467498 -81.938710
0.362934 -78.937550
0.362499 -75.859340
0.452852 -72.907100
0.419574 -69.905020
0.368285 -66.823910
0.367357 -63.896950
0.400858 -60.881470
0.478142 -57.869420
0.482071 -54.996930
0.419705 -51.844820
0.396597 -48.875010
0.342448 -45.857260
0.374371 -42.767290
0.372465 -39.889840
0.372148 -36.998700
0.375469 -33.788030
0.375392 -30.787380
0.377502 -27.745860
0.381907 -24.919880
0.455202 -21.806850
0.537596 -18.889660
0.572799 -15.979390
0.528635 -12.735550
0.446443 -9.718964
0.434189 -6.952164
0.505992 -3.899429
0.585874 -0.812965
0.579355 2.038040
0.502099 5.201675
0.427715 8.111748
0.402048 11.051640
0.461132 14.049330
0.535269 17.034850
0.578749 20.065250
0.529451 23.165600
0.461407 26.222240
0.477351 29.054860
0.486723 32.110790
0.460936 35.280380
0.458637 38.150970
0.458463 41.024400
0.458447 44.260470
0.458448 47.222780
0.458448 50.187190
0.458447 53.149660
0.458448 56.159850
0.458450 59.216540
0.458447 62.270810
0.473231 65.323090
0.485322 68.082350
0.486576 71.257750
0.486662 74.002110
0.486672 77.169330
0.486675 80.355010
0.466150 83.207990
0.459322 86.079120
0.458629 89.014740
0.458564 92.242140
0.458558 95.200840
0.458558 98.117950
0.446274 101.085500
0.442880 104.065800
0.449323 107.129500
0.496723 110.100500
0.554129 113.117700
0.569675 116.179400
0.571181 119.254500
0.571341 122.345800
0.571353 125.065000
0.571350 128.191700
0.571358 131.335800
0.571351 134.142800
0.571363 137.280300
0.571357 140.075800
0.571358 143.310700
0.556569 146.108000
0.501289 149.376500
0.449137 152.237500
0.396463 155.141000
0.377760 158.008200
0.375144 161.302200
0.374883 164.233100
0.374849 167.124600
0.374842 170.113500
0.400368 173.012200
0.450127 176.423000
0.458308 179.407100
0.459390 182.391000
0.459540 185.451800
0.459553 188.014000
0.459560 191.081900
0.459563 194.105600
0.459560 197.163800
0.459556 200.230900
0.459556 203.346800
0.459562 206.007200
0.459561 209.159700
0.466949 212.268200
0.500807 215.001300
0.551982 218.107200
0.598811 221.278200
0.597140 224.039200
0.559312 227.225100
0.507808 230.404600
0.463146 233.172100
0.451355 236.456800
0.481083 239.357100
0.523718 242.036200
0.548880 245.275300
0.546202 248.088800
0.508724 251.398300
0.484294 254.238100
0.479917 257.089800
0.479096 260.435400
0.478990 263.303200
0.478973 266.191700
0.471477 269.106300
0.463854 272.483100
0.462886 275.419200
0.462705 278.366500
0.466421 281.273800
0.495219 284.197600
0.535080 287.194600
0.537523 290.114100
0.509198 293.100000
0.478748 296.130800
0.473040 299.135500
0.467437 302.088800
0.437454 305.112900
0.407271 308.141700
0.401448 311.179800
0.400412 314.228900
0.400230 317.289200
0.400194 320.363600
0.392801 323.443500
0.369166 326.005200
0.357924 329.157700
0.359765 332.322500
0.386828 335.394000
0.428401 338.455400
0.441274 341.083000
0.444584 344.275100
0.445157 347.430400
0.445261 350.067800
0.445274 353.205800
0.438691 356.386000
0.412490 359.065000
0.382269 362.261000
0.376370 365.537800
0.375432 368.193900
0.375185 371.398100
0.375147 374.140700
0.375141 377.397200
0.375135 380.088000
0.375128 383.343200
0.385083 386.071300
0.405463 389.370200
0.409259 392.119000
0.410221 395.428600
0.410387 398.220300
0.410428 401.010100
0.410439 404.308300
0.410438 407.099500
0.410435 410.481600
0.410435 413.250500
0.410434 416.124100
0.410431 419.457500
0.410435 422.272500
0.410444 425.159900
0.410449 428.022400
0.410434 431.367900
0.410436 434.248200
0.410442 437.085300
0.403845 440.523700
0.383644 443.400400
0.376721 446.377200
0.370183 449.236400
0.345842 452.124900
0.331548 455.002400
0.327814 458.492200
0.327183 461.455600
0.333531 464.374800
0.359682 467.376200
0.393779 470.222400
0.406597 473.196300
0.409606 476.140600
0.410323 479.103800
0.410499 482.076200
0.410541 485.060100
0.415068 488.093800
0.438349 491.188400
0.451103 494.088300
0.454276 497.046700
0.455064 500.111400
0.455243 503.149000
0.455297 506.163800
0.455296 509.148900
0.455299 512.194400
0.455299 515.288500
0.455301 518.301300
0.455289 521.365900
0.455299 524.516200
0.455308 527.521900
0.455308 530.604400
0.455297 533.153500
0.455293 536.176200
0.455293 539.281900
0.455306 542.460900
0.455306 545.512200
0.455296 548.007000
0.455310 551.198200
0.455299 554.346100
0.455295 557.449200
0.455291 560.032500
0.455299 563.111300
0.455298 566.278000
0.455305 569.520400
0.455299 572.002400
0.455303 575.207600
0.455304 578.388400
0.455301 581.642000
0.455305 584.213000
0.455297 587.426500
0.455287 590.658900
0.445019 593.203400
0.417953 596.391700
0.407614 599.005600
0.403951 602.244600
0.403057 605.496300
0.402861 608.102400
0.404369 611.443700
0.417622 614.030000
0.449345 617.408400
0.461251 620.566800
0.463972 623.190500
0.464938 626.481800
0.465138 629.132600
0.472452 632.482500
0.492076 635.150900
0.528032 638.425200
0.553502 641.203600
0.562634 644.419700
0.564668 647.152500
0.551032 650.546300
0.527136 653.195000
0.499188 656.569600
0.492968 659.203800
0.490696 662.560400
0.490206 665.317100
0.490056 668.038800
0.490000 671.369000
0.489981 674.089700
0.489212 677.554700
0.478937 680.226900
0.451097 683.718600
0.440909 686.454800
0.437718 689.166700
0.436585 692.579100
0.436330 695.433300
0.436270 698.087800
0.436250 701.542500
0.436246 704.310500
0.436248 707.116100
0.436241 710.562600
0.436220 713.346700
0.436219 716.197800
0.436234 719.638300
0.436242 722.488300
0.436234 725.232700
0.436231 728.041900
0.436240 731.591100
0.436231 734.454300
0.436237 737.204700
0.436225 740.030600
0.436234 743.563800
0.442993 746.466200
0.462144 749.269200
0.486132 752.133900
0.495633 755.687300
0.497657 758.509900
0.498320 761.386700
0.498487 764.246000
0.498593 767.124100
0.492037 770.744000
0.478088 773.603400
0.472821 776.542500
0.471173 779.463900
0.470682 782.269300
0.470492 785.242200
0.470479 788.233100
0.470450 791.037200
0.470444 794.682900
0.470429 797.594200
0.474204 800.539400
0.485829 803.455700
0.490137 806.403300
0.491527 809.453700
0.482155 812.273300
0.466412 815.206200
0.460560 818.213900
0.458782 821.114100
0.458216 824.056600
0.458035 827.036200
0.457965 830.767800
0.457956 833.719500
0.457943 836.636300
0.457958 839.620200
0.457943 842.612800
0.457950 845.622200
0.457946 848.596400
0.457972 851.599800
0.455782 854.654500
0.442569 857.620200
0.428049 860.680100
0.423611 863.649200
0.422182 866.702900
0.421721 869.773700
0.421591 872.012300
0.421535 875.074500
0.421522 878.057900
0.421517 881.183700
0.421513 884.198200
0.421509 887.253700
0.421523 890.378000
0.421507 893.329000
0.421521 896.479400
0.421507 899.472800
0.421517 902.615700
0.421526 905.634900
0.421509 908.024300
0.421511 911.102200
0.421515 914.190000
0.421530 917.227300
0.421515 920.398300
0.421501 923.431600
0.421505 926.590300
0.421507 929.668200
0.421509 932.014900
0.421512 935.133400
0.421510 938.358300
0.421506 941.447300
0.421528 944.537800
0.421511 947.680300
0.421494 950.048100
0.421525 953.211400
0.421515 956.415500
0.421528 959.512800
0.421513 962.676900
0.421508 965.053500
0.421487 968.237100
0.421503 971.442600
0.421518 974.636700
0.421514 977.032100
0.421512 980.174400
0.421516 983.408800
0.422997 986.548500
0.437314 989.918100
0.444467 992.206400
0.448286 995.415500
0.449462 998.588000
0.449822 1001.003000
0.449972 1004.222000
0.450023 1007.459000
0.450034 1010.724000
0.450026 1013.152000
0.446129 1016.504000
0.430271 1019.604000
0.410377 1022.026000
0.382194 1025.272000
0.370657 1028.552000
0.367535 1031.071000
0.366019 1034.269000
0.365541 1037.630000
0.365404 1040.119000
0.365338 1043.270000
0.375457 1046.536000
0.391279 1049.062000
0.419908 1052.312000
0.450998 1055.757000
0.462892 1058.067000
0.469413 1061.381000
0.471469 1064.688000
0.470651 1067.251000
0.458134 1070.487000
0.440445 1073.030000
0.413294 1076.286000
0.401563 1079.695000
0.401186 1082.120000
0.412515 1085.512000
0.435497 1088.838000
0.458616 1091.435000
0.473262 1094.742000
0.477324 1097.252000
0.479400 1100.635000
0.479919 1103.045000
0.480186 1106.418000
0.480285 1109.821000
0.480305 1112.422000
0.480310 1115.721000
0.480295 1118.229000
0.480328 1121.639000
0.480314 1124.168000
0.480317 1127.543000
0.473435 1130.169000
0.453695 1133.611000
0.433047 1136.051000
0.412501 1139.465000
0.407031 1142.020000
0.404250 1145.503000
0.403524 1148.084000
0.403141 1151.485000
0.409649 1154.836000
0.422935 1157.428000
0.443737 1160.119000
0.458227 1163.482000
0.462285 1166.032000
0.464334 1169.554000
0.464843 1172.191000
0.465138 1175.608000
0.465205 1178.131000
0.465240 1181.597000
0.465249 1184.191000
0.454759 1187.699000
0.444624 1190.261000
0.439428 1193.742000
0.435465 1196.346000
0.424684 1199.006000
0.402612 1202.452000
0.396563 1205.191000
0.405140 1208.621000
0.419613 1211.285000
0.447198 1214.716000
0.460173 1217.372000
0.466597 1220.871000
0.467028 1223.504000
0.459753 1226.159000
0.439658 1229.698000
0.423766 1232.315000
0.416841 1235.056000
0.413565 1238.513000
0.418668 1241.161000
0.436113 1244.737000
0.450933 1247.419000
0.457029 1250.107000
0.460030 1253.714000
0.460870 1256.329000
0.461195 1259.010000
0.461345 1262.515000
0.461387 1265.203000
0.461432 1268.806000
0.461447 1271.551000
0.457778 1274.177000
0.441648 1277.716000
0.427569 1280.461000
0.421084 1283.370000
0.418412 1286.733000
0.417639 1289.429000
0.417304 1292.129000
0.427339 1295.745000
0.442696 1298.455000
0.462027 1301.167000
0.473281 1304.789000
0.476343 1307.512000
0.477634 1310.226000
0.478172 1313.025000
0.468605 1316.576000
0.453449 1319.320000
0.434232 1322.033000
0.422918 1325.697000
0.419881 1328.435000
0.425066 1331.457000
0.441094 1334.935000
0.458060 1337.564000
0.466799 1340.329000
0.470622 1343.208000
0.472390 1346.767000
0.472881 1349.524000
0.473092 1352.284000
0.469574 1355.044000
0.452985 1358.811000
0.433209 1361.541000
0.420414 1364.350000
0.415018 1367.161000
0.420088 1370.742000
0.430071 1373.521000
0.435332 1376.401000
0.437430 1379.117000
0.438516 1382.899000
0.435163 1385.717000
0.426238 1388.457000
0.421606 1391.222000
0.419579 1394.119000
0.418632 1397.745000
0.418337 1400.620000
0.419988 1403.615000
0.428137 1406.174000
0.445373 1409.287000
0.471992 1412.727000
0.485020 1415.565000
0.490442 1418.419000
0.492735 1421.199000
0.493752 1424.101000
0.494228 1427.896000
0.494338 1430.735000
0.494402 1433.538000
0.494406 1436.377000
0.494354 1439.214000
0.494478 1442.061000
0.487833 1445.825000
0.478222 1448.031000
0.470100 1451.548000
0.467692 1454.339000
0.466620 1457.290000
0.466243 1460.107000
0.466008 1463.943000
0.465926 1466.806000
0.465915 1469.663000
0.465907 1472.472000
0.465909 1475.417000
0.465900 1478.224000
0.465888 1481.095000
0.465919 1485.019000
0.465932 1487.908000
0.465895 1490.793000
0.465879 1493.615000
0.465863 1496.556000
0.465849 1499.467000
0.465896 1502.298000
0.461622 1505.171000
0.451741 1508.189000
0.446229 1511.969000
0.444655 1514.868000
0.444007 1517.778000
0.450435 1520.780000
0.462858 1523.585000
0.478183 1527.042000
0.482716 1529.428000
0.485091 1532.354000
0.486131 1535.289000
0.480275 1538.199000
0.469415 1541.131000
0.463873 1544.072000
0.461600 1547.007000
0.460384 1550.928000
0.460068 1553.868000
0.459956 1556.823000
0.459882 1559.822000
0.459856 1562.721000
0.459866 1565.815000
0.459905 1568.695000
0.459864 1571.647000
0.461360 1574.581000
0.470047 1577.484000
0.476643 1580.477000
0.479345 1583.435000
0.479101 1586.476000
0.471404 1589.379000
0.458826 1592.321000
0.452430 1595.328000
0.449744 1598.299000
0.448652 1601.290000
0.448147 1604.279000
0.447979 1607.250000
0.447914 1610.231000
0.447856 1613.242000
0.447887 1616.311000
0.447847 1619.279000
0.447826 1622.322000
0.447821 1625.279000
0.447819 1628.343000
0.447789 1631.245000
0.447821 1634.253000
0.447799 1637.386000
0.449226 1640.258000
0.458159 1643.291000
0.468719 1646.401000
0.472971 1649.374000
0.474898 1652.426000
0.475590 1655.397000
0.475939 1658.570000
0.476100 1661.452000
0.476186 1664.612000
0.476151 1667.551000
0.476161 1670.670000
0.476139 1673.710000
0.476178 1676.658000
0.476191 1679.770000
0.476128 1682.764000
0.476170 1685.821000
0.476155 1688.962000
0.476158 1691.944000
0.476172 1694.999000
0.476169 1697.040000
0.476169 1700.104000
0.476196 1703.175000
0.476158 1706.253000
0.476155 1709.318000
0.476197 1712.465000
0.476173 1715.519000
0.476161 1718.636000
0.476167 1721.688000
0.469643 1724.709000
0.455597 1727.939000
0.438959 1730.874000
0.429914 1734.124000
0.427239 1736.142000
0.425222 1739.159000
0.424323 1742.260000
0.427512 1745.452000
0.437847 1748.456000
0.449688 1751.581000
0.454663 1754.698000
0.456779 1757.812000
0.457482 1760.031000
0.457932 1763.106000
0.458129 1766.118000
0.458219 1769.260000
0.458245 1772.447000
0.456589 1775.632000
0.448178 1778.610000
0.434621 1781.737000
0.427670 1784.951000
0.425482 1787.050000
0.423893 1790.121000
0.424814 1793.530000
0.432460 1796.401000
0.445616 1799.535000
0.452416 1802.889000
0.455087 1805.943000
0.456209 1809.102000
0.458712 1811.091000
0.468635 1814.324000
0.475568 1817.490000
0.478517 1820.698000
0.479772 1823.856000
0.480272 1827.037000
0.476954 1829.049000
0.470362 1832.207000
0.467511 1835.405000
0.466347 1838.586000
0.465828 1841.882000
0.465627 1845.070000
0.465568 1847.149000
0.465485 1850.332000
0.471853 1853.528000
0.486452 1856.973000
0.494340 1859.865000
0.498182 1863.114000
0.499361 1865.175000
0.500293 1868.382000
0.500641 1871.588000
0.500811 1874.796000
0.499420 1877.992000
0.494358 1880.126000
0.481115 1883.342000
0.472150 1886.556000
0.468285 1889.795000
0.466516 1893.444000
0.466079 1895.273000
0.465717 1898.391000
0.465550 1901.713000
0.465430 1904.854000
0.465455 1907.013000
0.465448 1910.372000
0.469229 1913.555000
0.480687 1916.840000
0.492469 1920.040000
0.496246 1922.203000
0.499122 1925.417000
0.494430 1928.678000
0.484777 1931.925000
0.481104 1934.087000
0.478344 1937.348000
0.477231 1940.661000
0.476728 1943.964000
0.475695 1946.157000
0.468859 1949.336000
0.455333 1952.570000
0.446255 1955.815000
0.442395 1959.090000
0.441041 1961.363000
0.440179 1964.644000
0.439803 1967.831000
0.439667 1970.225000
0.439531 1973.369000
0.439486 1976.593000
0.441107 1979.991000
0.446344 1982.176000
0.457534 1985.372000
0.463494 1988.790000
0.465863 1991.990000
0.463322 1994.220000
0.453683 1997.565000
0.443469 2000.767000
0.438839 2004.193000
0.437475 2006.303000
0.436365 2009.703000
0.435923 2012.997000
0.435783 2015.269000
0.439316 2018.545000
0.450505 2021.902000
0.459012 2024.002000
0.465680 2027.325000
0.468612 2030.684000
0.468272 2034.087000
0.464032 2036.197000
0.451593 2039.586000
0.434253 2043.078000
0.428376 2045.207000
0.423762 2048.516000
0.421875 2051.800000
0.420390 2054.135000
0.412844 2057.367000
0.400272 2060.711000
0.393980 2064.089000
0.395436 2066.470000
0.404142 2069.727000
0.417588 2073.091000
0.422574 2075.294000
0.426511 2078.755000
0.428034 2082.128000
0.428514 2084.280000
0.428921 2087.743000
0.429088 2091.020000
0.429140 2093.273000
0.429155 2096.656000
0.429182 2100.034000
0.429200 2102.407000
0.429206 2105.668000
0.429178 2109.061000
0.429203 2111.336000
0.429229 2114.721000
0.429213 2117.040000
0.429220 2120.448000
0.429225 2123.786000
0.429201 2126.506000
0.429175 2129.464000
0.429208 2132.861000
0.429213 2135.241000
0.429201 2138.628000
0.429187 2142.044000
0.429952 2144.227000
0.435270 2147.635000
0.438188 2151.076000
0.439189 2153.456000
0.439856 2156.784000
0.440068 2159.066000
0.440256 2162.500000
0.440259 2165.925000
0.440325 2168.224000
0.440338 2171.763000
0.441142 2175.162000
0.444693 2177.384000
0.451845 2180.927000
0.453952 2183.129000
0.455608 2186.662000
0.456139 2189.020000
0.456499 2192.441000
0.456683 2195.860000
0.456723 2198.169000
0.456784 2201.636000
0.456772 2205.088000
0.456805 2207.295000
0.453040 2210.904000
0.446777 2213.066000
0.433193 2216.529000
0.426349 2220.024000
0.424122 2222.401000
0.422540 2225.800000
0.422020 2228.140000
0.427902 2231.597000
0.440986 2235.156000
0.447288 2237.411000
0.452162 2240.906000
0.453798 2243.374000
0.454975 2246.865000
0.455293 2249.153000
0.455610 2252.632000
0.455730 2256.047000
0.455748 2258.382000
0.455790 2261.880000
0.455761 2264.316000
0.454143 2268.021000
0.449404 2270.118000
0.437721 2273.693000
0.432037 2277.162000
0.430194 2279.526000
0.430148 2283.042000
0.434386 2285.344000
0.446200 2288.817000
0.457918 2291.153000
0.468814 2294.690000
0.472237 2297.042000
0.474912 2300.600000
0.475907 2304.096000
0.476327 2306.465000
0.476543 2310.009000
0.476628 2312.359000
0.476732 2315.894000
0.476701 2318.264000
0.470230 2321.784000
0.462052 2324.166000
0.443821 2327.781000
0.429403 2330.081000
0.416390 2333.651000
0.412302 2336.017000
0.415178 2339.562000
0.421713 2342.085000
0.435983 2345.504000
0.457001 2349.074000
0.471837 2351.443000
0.488976 2355.000000
0.494551 2357.408000
0.498628 2360.982000
0.499930 2363.365000
0.494639 2367.051000
0.487724 2369.382000
0.471754 2372.916000
0.457036 2375.377000
0.443670 2378.896000
0.442030 2381.338000
0.443794 2384.863000
0.444332 2387.340000
0.444744 2390.868000
0.444885 2393.276000
0.441047 2397.055000
0.434919 2399.262000
0.419461 2402.853000
0.405308 2405.273000
0.393024 2408.932000
0.392400 2411.281000
0.398025 2414.959000
0.399274 2417.293000
0.393801 2420.913000
0.386152 2423.407000
0.383141 2427.153000
0.386029 2429.351000
0.389343 2432.990000
0.387170 2435.701000
0.377515 2439.505000
0.375173 2441.573000
0.380090 2445.308000
0.386290 2447.521000
0.396476 2450.051000
0.414166 2453.679000
0.420876 2456.126000
0.425662 2459.663000
0.427277 2462.086000
0.430996 2465.767000
0.437713 2468.374000
0.449889 2471.794000
0.454987 2474.376000
0.453359 2477.901000
0.447975 2480.331000
0.434063 2484.004000
0.421285 2486.443000
0.398362 2490.202000
0.385704 2492.554000
0.378022 2495.091000
0.372599 2498.760000
0.370883 2501.187000
0.369541 2504.878000
0.370524 2507.279000
0.378860 2511.003000
0.387729 2513.378000
0.396447 2517.066000
