0.500000 -96.666660
0.500000 -93.327670
0.500000 -93.126980
0.500000 -90.871440
0.500000 -87.902590
0.500000 -84.809530
0.500000 -81.859380
0.500000 -78.981480
0.500000 -75.908770
0.500000 -72.943570
0.500000 -69.996340
0.500001 -66.761840
0.500000 -63.975760
0.500000 -60.912770
0.500001 -57.858310
0.500000 -54.979850
0.500001 -51.887730
0.499999 -48.912880
0.500000 -45.957500
0.499999 -42.994980
0.500000 -39.877250
0.500001 -36.995610
0.499999 -33.605270
0.499999 -30.845020
0.499999 -27.939740
0.500001 -24.923100
0.500000 -21.885570
0.499999 -18.608320
0.500000 -15.641720
0.499999 -12.746620
0.499998 -9.798592
0.500001 -6.819992
0.499999 -3.694695
0.500000 -0.814888
0.500001 2.271797
0.499999 5.233986
0.500000 8.180984
0.499999 11.029250
0.499998 14.311570
0.500000 17.129010
0.500001 20.073320
0.500000 23.038380
0.500001 26.097200
0.500001 29.096890
0.500000 32.491270
0.499998 35.283710
0.499998 38.055710
0.500002 41.267590
0.500002 44.305340
0.499997 47.254140
0.495496 50.127780
0.467387 53.030720
0.463888 56.299880
0.463692 59.266720
0.463678 62.256560
0.463675 65.297610
0.463673 68.334730
0.463676 71.024900
0.463678 74.121640
0.463676 77.228350
0.463676 80.362490
0.463681 83.146610
0.463675 86.294510
0.463681 89.125440
0.463682 92.014420
0.463673 95.243620
0.463674 98.143970
0.463677 101.035200
0.463677 104.342800
0.463676 107.262100
0.463674 110.225700
0.463676 113.213700
0.463677 116.363800
0.463678 119.236100
0.463680 122.284200
0.463673 125.008300
0.463679 128.180500
0.463679 131.106000
0.463677 134.290600
0.463679 137.019700
0.463678 140.715500
0.463682 143.236300
0.463676 146.299700
0.463675 149.364200
0.463678 152.008200
0.463675 155.241500
0.463676 158.226700
0.463683 161.303500
0.463680 164.165800
0.463677 167.049600
0.463675 170.411300
0.463678 173.178500
0.463676 176.109900
0.463678 179.488100
0.463676 182.393500
0.463676 185.054400
0.463677 188.317900
0.463676 191.473400
0.463683 194.265000
0.463674 197.248900
0.463674 200.239500
0.463681 203.271600
0.463679 206.406700
0.463679 209.379800
0.463673 212.420900
0.463679 215.059200
0.463685 218.181200
0.463671 221.315600
0.463677 224.390800
0.463679 227.076600
0.463674 230.267500
0.463685 233.078000
0.463676 236.666600
0.463680 239.259600
0.467447 242.005700
0.497784 245.210900
0.506123 248.033100
0.507625 251.197500
0.507841 254.462900
0.507866 257.273900
0.507877 260.091900
0.507871 263.319800
0.507859 266.142600
0.507867 269.496100
0.523916 272.390700
0.534284 275.153600
0.536248 278.020700
0.536620 281.379700
0.532955 284.304200
0.506332 287.184100
0.495368 290.120500
0.493365 293.483900
0.493103 296.417500
0.490855 299.395400
0.475530 302.309800
0.471599 305.272200
0.470911 308.283800
0.470783 311.229400
0.470773 314.227100
0.470756 317.223900
0.470759 320.237400
0.470758 323.303400
0.470758 326.334600
0.470761 329.351900
0.470758 332.439800
0.470762 335.464100
0.470764 338.021700
0.470764 341.102100
0.470767 344.223900
0.470760 347.337100
0.470760 350.450200
0.470759 353.032600
0.470757 356.145100
0.470751 359.295500
0.470769 362.441700
0.470769 365.077700
0.470754 368.251400
0.470764 371.430400
0.470759 374.098300
0.470765 377.291200
0.470755 380.504900
0.470754 383.209700
0.470767 386.418700
0.470763 389.123400
0.470769 392.378700
0.470771 395.089200
0.470767 398.439900
0.470766 401.144000
0.470765 404.517000
0.470760 407.362500
0.470766 410.254300
0.470765 413.684400
0.470760 416.474200
0.470754 419.271400
0.470765 422.022900
0.470765 425.364600
0.470763 428.240900
0.470765 431.543900
0.470764 434.403500
0.470774 437.228100
0.470770 440.546200
0.470774 443.333700
0.470766 446.253900
0.470766 449.415200
0.470766 452.409400
0.470750 455.361400
0.470769 458.201200
0.470770 461.181500
0.470763 464.445600
0.470779 467.340600
0.470762 470.357200
0.470765 473.063700
0.470750 476.040900
0.470752 479.532200
0.470774 482.667800
0.470751 485.382300
0.470775 488.167600
0.470767 491.214800
0.459646 494.186400
0.446108 497.134000
0.442829 500.132900
0.442071 503.056600
0.441881 506.048200
0.441843 509.019600
0.441823 512.069300
0.441833 515.040600
0.441821 518.013400
0.441822 521.024200
0.441809 524.039800
0.441827 527.071300
0.441830 530.141100
0.441817 533.138000
0.441816 536.190900
0.441835 539.235200
0.441799 542.314700
0.441833 545.361900
0.441819 548.478200
0.441823 551.525000
0.441833 554.044700
0.441821 557.087000
0.441824 560.243000
0.441814 563.300400
0.441841 566.462800
0.441835 569.615300
0.443664 572.235100
0.461614 575.203200
0.496063 578.304400
0.513485 581.561300
0.512086 584.075300
0.493190 587.147500
0.468232 590.326400
0.461628 593.500700
0.460196 596.064100
0.459698 599.245400
0.459575 602.445300
0.459558 605.000100
0.459549 608.212800
0.459547 611.425600
0.459539 614.048200
0.459549 617.233600
0.459545 620.480500
0.470078 623.100200
0.500448 626.386000
0.537343 629.617000
0.557046 632.177600
0.564328 635.488200
0.565832 638.121100
0.566375 641.361900
0.559808 644.009800
0.533553 647.336700
0.499095 650.560900
0.487486 653.218600
0.483439 656.538900
0.482586 659.192400
0.482270 662.553300
0.474595 665.240200
0.451261 668.511400
0.441849 671.253800
0.438638 674.563300
0.437926 677.242500
0.437687 680.612500
0.437641 683.309300
0.437625 686.042700
0.437612 689.388000
0.437612 692.219800
0.437624 695.561700
0.437627 698.336900
0.452428 701.685100
0.471388 704.418300
0.478189 707.173600
0.480551 710.534800
0.481058 713.275100
0.481221 716.122000
0.481275 719.530300
0.481293 722.317000
0.481316 725.067900
0.481295 728.518400
0.481318 731.290600
0.481294 734.063700
0.481303 737.556900
0.481306 740.304400
0.481296 743.102400
0.481317 746.003700
0.481283 749.401600
0.481298 752.220800
0.481306 755.030300
0.481298 758.585400
0.481296 761.446600
0.481298 764.294300
0.481303 767.046600
0.481283 770.605200
0.481302 773.442900
0.481309 776.291700
0.479788 779.207600
0.461053 782.765700
0.445086 785.584700
0.439821 788.503800
0.438213 791.333100
0.437697 794.258700
0.437527 797.090300
0.437486 800.000200
0.437476 803.596500
0.437474 806.518100
0.437456 809.395100
0.437461 812.301800
0.437472 815.205100
0.438926 818.163600
0.452182 821.083900
0.482994 824.745100
0.494421 827.713300
0.497961 830.559800
0.499131 833.558700
0.499511 836.439600
0.499616 839.388300
0.498280 842.384800
0.485290 845.302000
0.466332 848.252200
0.459279 851.295100
0.457136 854.257000
0.456446 857.230300
0.456237 860.160500
0.454057 863.171400
0.440855 866.133600
0.431717 869.115400
0.428804 872.118200
0.427898 875.128300
0.427598 878.127800
0.427501 881.148300
0.427487 884.155400
0.427452 887.237500
0.425695 890.185800
0.413740 893.280000
0.408128 896.274800
0.406284 899.322600
0.405717 902.404400
0.405531 905.454400
0.405494 908.444800
0.405467 911.508000
0.405449 914.613600
0.405457 917.632800
0.405450 920.697100
0.412216 923.020000
0.431561 926.117300
0.443676 929.178600
0.447565 932.323500
0.448756 935.365600
0.449149 938.441800
0.449265 941.594800
0.439024 944.668600
0.416568 947.805200
0.405154 950.108300
0.399246 953.298600
0.397452 956.426400
0.396897 959.531600
0.396702 962.599700
0.396650 965.742600
0.396637 968.102300
0.396620 971.261600
0.407135 974.460100
0.424222 977.019500
0.436613 980.775800
0.439069 983.147500
0.440235 986.237300
0.440621 989.412800
0.440740 992.629200
0.437239 995.000400
0.421125 998.152000
0.404334 1001.403000
0.399220 1004.593000
0.397660 1007.724000
0.397206 1010.217000
0.397011 1013.328000
0.396935 1016.541000
0.396916 1019.835000
0.396890 1022.173000
0.396906 1025.396000
0.392508 1028.656000
0.381538 1031.037000
0.372405 1034.269000
0.369516 1037.508000
0.368587 1040.756000
0.372192 1043.313000
0.387618 1046.431000
0.414856 1049.696000
0.437241 1052.149000
0.467292 1055.446000
0.496602 1058.667000
0.518843 1061.115000
0.539672 1064.483000
0.545940 1067.749000
0.547587 1070.133000
0.548429 1073.434000
0.548733 1076.820000
0.548772 1079.279000
0.548828 1082.544000
0.548832 1085.071000
0.547582 1088.349000
0.534462 1091.597000
0.516667 1094.080000
0.502779 1097.413000
0.498376 1100.737000
0.497217 1103.233000
0.496620 1106.564000
0.496482 1109.072000
0.496402 1112.462000
0.496364 1115.759000
0.496370 1118.271000
0.496351 1121.009000
0.496351 1124.151000
0.491965 1127.522000
0.480948 1130.067000
0.456177 1133.399000
0.442894 1136.005000
0.436426 1139.433000
0.434398 1142.746000
0.433937 1145.287000
0.433622 1148.618000
0.433557 1151.166000
0.433527 1154.583000
0.433498 1157.154000
0.433492 1160.583000
0.440093 1163.121000
0.459349 1166.528000
0.469456 1169.063000
0.474775 1172.585000
0.476119 1175.050000
0.476783 1178.483000
0.476950 1181.061000
0.470284 1184.544000
0.456996 1187.115000
0.429383 1190.584000
0.412770 1193.102000
0.404128 1196.576000
0.401779 1199.174000
0.400614 1202.688000
0.400299 1205.219000
0.392644 1208.687000
0.379071 1211.286000
0.357393 1214.068000
0.342969 1217.421000
0.342240 1220.027000
0.354296 1223.496000
0.371651 1226.159000
0.400680 1229.606000
0.422992 1232.234000
0.452728 1235.736000
0.477523 1238.660000
0.491131 1241.925000
0.495227 1244.578000
0.493896 1247.159000
0.480180 1250.751000
0.464665 1253.316000
0.455412 1256.865000
0.453025 1259.520000
0.451934 1262.172000
0.451440 1265.790000
0.451315 1268.392000
0.451251 1271.109000
0.451212 1274.623000
0.451216 1277.263000
0.451181 1280.825000
0.451206 1283.575000
0.451216 1286.263000
0.451197 1289.841000
0.451215 1292.530000
0.451176 1295.181000
0.451203 1298.711000
0.451210 1301.476000
0.451224 1304.162000
0.451196 1307.713000
0.451192 1310.400000
0.451203 1313.179000
0.451187 1316.711000
0.451197 1319.424000
0.451215 1322.147000
0.451223 1325.758000
0.451211 1328.495000
0.451181 1331.501000
0.451199 1334.859000
0.451207 1337.581000
0.451204 1340.328000
0.451193 1343.061000
0.451220 1346.707000
0.451225 1349.403000
0.451208 1352.130000
0.446882 1355.763000
0.435416 1358.577000
0.426959 1361.698000
0.424235 1364.107000
0.422623 1367.696000
0.422225 1370.454000
0.422017 1373.214000
0.421955 1376.059000
0.421900 1379.785000
0.421894 1382.512000
0.421880 1385.224000
0.421894 1388.034000
0.421103 1391.762000
0.414292 1394.510000
0.405976 1397.223000
0.402359 1400.027000
0.406281 1403.717000
0.417713 1406.512000
0.435621 1409.303000
0.457889 1412.099000
0.483070 1415.890000
0.490233 1418.650000
0.493294 1421.456000
0.494569 1424.264000
0.495149 1427.067000
0.495349 1430.867000
0.491798 1433.665000
0.480753 1436.463000
0.465198 1439.287000
0.457539 1442.102000
0.453712 1445.869000
0.452627 1448.694000
0.452268 1451.533000
0.452051 1454.429000
0.451956 1457.277000
0.451930 1460.170000
0.451909 1463.970000
0.451870 1466.768000
0.451876 1469.677000
0.451903 1472.484000
0.451900 1475.201000
0.451931 1478.059000
0.451880 1481.872000
0.451904 1484.731000
0.451896 1487.680000
0.451860 1490.469000
0.451908 1493.329000
0.451892 1496.261000
0.451916 1499.166000
0.451909 1502.002000
0.451877 1505.787000
0.451885 1508.752000
0.451920 1511.552000
0.451908 1514.437000
0.451904 1517.421000
0.451896 1520.297000
0.451871 1523.114000
0.451905 1526.146000
0.458422 1529.879000
0.471842 1532.788000
0.491666 1535.683000
0.504847 1538.680000
0.510266 1541.599000
0.512547 1544.500000
0.513463 1547.380000
0.513879 1550.305000
0.512483 1553.538000
0.504388 1556.153000
0.491221 1559.021000
0.483255 1562.943000
0.481083 1565.931000
0.480228 1568.878000
0.479816 1571.803000
0.479685 1574.743000
0.479616 1577.633000
0.479590 1580.630000
0.477444 1583.548000
0.468535 1586.487000
0.458084 1589.481000
0.453744 1592.404000
0.451826 1595.418000
0.451089 1598.290000
0.450775 1601.245000
0.450629 1604.215000
0.450589 1607.190000
0.450539 1610.248000
0.450571 1613.177000
0.450558 1616.256000
0.450537 1619.166000
0.450531 1622.057000
0.452163 1625.221000
0.460930 1628.101000
0.476671 1631.108000
0.496653 1634.134000
0.505814 1637.005000
0.510649 1641.012000
0.511687 1643.090000
0.512511 1647.091000
0.513531 1649.124000
0.520324 1652.048000
0.533866 1655.029000
0.547854 1658.026000
0.554063 1661.106000
0.553648 1664.095000
0.545785 1667.117000
0.531396 1670.086000
0.512689 1673.102000
0.503082 1676.205000
0.499242 1679.269000
0.497548 1682.290000
0.496859 1685.245000
0.491821 1688.343000
0.480535 1691.310000
0.472156 1694.452000
0.468845 1697.486000
0.467412 1700.531000
0.468510 1703.679000
0.476401 1706.583000
0.491641 1709.663000
0.512528 1712.696000
0.525887 1715.827000
0.529198 1718.002000
0.522353 1721.923000
0.509267 1724.996000
0.489808 1728.021000
0.480311 1730.035000
0.472876 1733.213000
0.469888 1736.292000
0.467708 1739.409000
0.459971 1742.401000
0.447090 1745.538000
0.440758 1748.627000
0.438138 1751.684000
0.436992 1754.813000
0.439925 1757.771000
0.447408 1760.192000
0.461365 1763.027000
0.483019 1766.189000
0.495323 1769.167000
0.500887 1772.357000
0.503085 1775.421000
0.504066 1778.532000
0.502986 1781.732000
0.494299 1784.857000
0.481145 1787.948000
0.476333 1790.015000
0.473747 1793.123000
0.478980 1796.173000
0.491162 1799.346000
0.503828 1802.481000
0.509123 1805.581000
0.511397 1808.710000
0.512359 1811.866000
0.512601 1814.028000
0.509233 1817.166000
0.498784 1820.210000
0.486545 1823.470000
0.481634 1826.561000
0.479501 1829.763000
0.478644 1832.855000
0.478251 1836.131000
0.478142 1838.190000
0.478047 1841.272000
0.478007 1844.518000
0.484739 1847.684000
0.497783 1850.772000
0.515452 1853.947000
0.522047 1856.059000
0.526958 1859.238000
0.529013 1862.412000
0.529918 1865.599000
0.530297 1868.865000
0.528915 1871.009000
0.520278 1874.159000
0.504893 1877.345000
0.489460 1880.582000
0.483161 1883.684000
0.480355 1886.973000
0.479451 1889.093000
0.478863 1892.215000
0.478571 1895.419000
0.477767 1898.608000
0.469840 1902.213000
0.462735 1904.024000
0.447306 1907.179000
0.439348 1910.495000
0.436144 1913.675000
0.434747 1916.979000
0.434310 1919.110000
0.433996 1922.238000
0.433842 1925.474000
0.433773 1928.067000
0.433765 1932.038000
0.433720 1934.099000
0.433727 1937.334000
0.433724 1940.673000
0.433749 1943.807000
0.433730 1947.064000
0.433698 1949.228000
0.433715 1952.481000
0.433737 1955.737000
0.433746 1959.005000
0.433696 1961.240000
0.433732 1964.527000
0.433744 1967.690000
0.433710 1971.080000
0.437299 1973.194000
0.449160 1976.633000
0.460025 1979.670000
0.465175 1982.948000
0.466774 1985.132000
0.462091 1988.500000
0.451128 1991.677000
0.438627 1995.030000
0.434786 1997.173000
0.431775 2000.622000
0.430610 2003.831000
0.430071 2007.052000
0.429919 2009.255000
0.429794 2012.635000
0.429718 2015.845000
0.428732 2018.389000
0.422362 2021.390000
0.409065 2024.683000
0.400023 2028.003000
0.397181 2030.184000
0.395004 2033.561000
0.394076 2036.874000
0.393824 2039.086000
0.391279 2042.397000
0.382046 2045.723000
0.365534 2049.151000
0.358217 2051.233000
0.352336 2054.539000
0.354758 2057.960000
0.359951 2060.152000
0.373666 2063.508000
0.387152 2066.760000
0.393091 2070.147000
0.394913 2072.335000
0.396326 2075.688000
0.397776 2078.124000
0.405074 2081.359000
0.419021 2084.671000
0.428613 2088.066000
0.431585 2090.270000
0.433817 2093.667000
0.434773 2096.939000
0.435049 2099.246000
0.436246 2102.886000
0.442790 2105.980000
0.451037 2108.207000
0.469116 2111.581000
0.480904 2114.961000
0.484603 2117.172000
0.487449 2120.647000
0.488603 2124.018000
0.488995 2126.303000
0.489267 2129.645000
0.489380 2133.073000
0.489397 2135.242000
0.489441 2138.651000
0.487639 2142.276000
0.483079 2144.270000
0.474440 2147.679000
0.470809 2151.106000
0.469641 2153.372000
0.468778 2156.782000
0.468511 2159.056000
0.468294 2162.444000
0.468201 2165.965000
0.468165 2168.277000
0.468133 2171.617000
0.468145 2175.005000
0.468140 2177.266000
0.469564 2180.667000
0.474950 2183.022000
0.488663 2186.506000
0.502534 2189.005000
0.521399 2192.196000
0.530959 2195.566000
0.535145 2199.121000
0.536404 2201.410000
0.536015 2204.877000
0.531529 2207.077000
0.519052 2210.542000
0.502586 2213.917000
0.495982 2216.333000
0.491419 2219.700000
0.489875 2222.003000
0.488783 2225.458000
0.487337 2229.258000
0.483691 2231.313000
0.472280 2234.734000
0.462807 2237.062000
0.455996 2240.475000
0.452942 2244.041000
0.452108 2246.268000
0.446540 2249.738000
0.439042 2252.072000
0.427909 2255.512000
0.423012 2259.128000
0.424316 2261.338000
0.431964 2264.815000
0.440993 2267.169000
0.459748 2270.652000
0.482117 2274.147000
0.496950 2276.482000
0.520756 2280.203000
0.529384 2282.308000
0.535690 2285.807000
0.533799 2288.154000
0.524919 2291.762000
0.509915 2295.193000
0.502345 2297.506000
0.496707 2301.020000
0.494788 2303.372000
0.493520 2306.882000
0.492060 2309.415000
0.485141 2312.749000
0.475411 2315.339000
0.457705 2318.692000
0.442697 2321.070000
0.420228 2324.618000
0.400403 2328.027000
0.392684 2330.537000
0.392161 2334.014000
0.397024 2336.365000
0.409819 2339.877000
0.422110 2342.229000
0.444176 2345.773000
0.459227 2348.160000
0.481310 2351.676000
0.496076 2354.029000
0.509038 2357.599000
0.511640 2361.222000
0.508371 2363.516000
0.497704 2367.082000
0.488247 2369.571000
0.481843 2373.030000
0.479726 2375.536000
0.477976 2379.397000
0.477651 2381.523000
0.477256 2385.052000
0.477093 2387.322000
0.477058 2390.899000
0.477032 2393.388000
0.476997 2396.960000
0.476912 2399.359000
0.477018 2402.981000
0.476956 2405.315000
0.477081 2409.003000
0.476939 2411.326000
0.476915 2414.926000
0.474918 2417.217000
0.466105 2420.799000
0.458213 2423.231000
0.452261 2426.914000
0.450372 2429.349000
0.450521 2432.913000
0.454718 2435.295000
0.466839 2438.959000
0.478721 2441.402000
0.494691 2445.001000
0.499170 2447.396000
0.496961 2450.978000
0.491792 2453.315000
0.482986 2456.958000
0.480229 2459.383000
0.478157 2463.137000
0.477550 2465.434000
0.477000 2469.181000
0.476951 2471.500000
0.476793 2475.136000
0.476656 2477.652000
0.476665 2480.055000
0.476611 2483.737000
0.476594 2486.178000
0.476588 2489.727000
0.475843 2492.189000
0.472561 2495.800000
0.471445 2498.222000
0.470542 2501.884000
0.470260 2504.396000
0.470214 2507.995000
0.470111 2510.426000
0.470044 2514.123000
0.470006 2516.551000
0.469910 2519.035000
0.470093 2522.724000
0.467897 2525.124000
0.459000 2528.793000
0.449257 2531.275000
0.429511 2534.899000
0.414516 2537.369000
0.401553 2541.069000
0.397487 2543.524000
0.394342 2547.305000
0.390673 2549.731000
0.384029 2552.194000
0.370781 2555.803000
0.365352 2558.438000
0.361646 2562.002000
0.360493 2564.459000
0.359812 2567.026000
0.359331 2570.627000
0.362778 2573.154000
0.373693 2576.864000
0.384507 2579.310000
0.407902 2583.372000
0.420938 2585.545000
0.435831 2588.020000
0.453104 2591.773000
0.458498 2594.251000
0.462671 2597.998000
0.463892 2600.458000
0.464919 2604.074000
0.465283 2606.665000
0.465540 2609.152000
0.465488 2612.781000
0.465608 2615.387000
0.465644 2619.125000
0.465614 2621.595000
0.465665 2624.022000
0.465663 2627.746000
0.465648 2630.242000
0.465646 2634.073000
0.465718 2636.488000
0.462002 2639.039000
0.450758 2642.813000
0.439611 2645.317000
0.429439 2649.110000
0.426233 2651.513000
0.424375 2654.031000
0.422850 2657.888000
0.422442 2660.451000
0.417705 2664.047000
0.410413 2666.634000
0.405490 2669.070000
0.401522 2672.985000
0.401740 2675.714000
0.408066 2679.152000
0.416506 2681.718000
0.427613 2684.209000
0.449252 2687.999000
0.464667 2690.610000
0.479507 2693.119000
0.501424 2696.855000
0.516116 2699.369000
0.538750 2703.222000
0.548571 2705.739000
0.553955 2708.289000
0.558219 2712.102000
0.556418 2714.664000
0.551675 2717.179000
0.539193 2720.947000
0.527357 2723.432000
0.517981 2726.236000
0.512288 2729.831000
0.510290 2732.334000
0.508742 2736.151000
0.508384 2738.696000
0.508153 2741.248000
0.507883 2745.075000
0.507734 2747.725000
0.507700 2750.168000
0.505199 2753.019000
0.496846 2756.556000
0.488930 2759.080000
0.483098 2762.952000
0.481218 2765.502000
0.480037 2768.145000
0.479350 2771.932000
0.479063 2774.522000
0.478947 2777.044000
0.477823 2780.131000
0.471643 2783.463000
0.462612 2786.258000
0.455409 2789.843000
0.452834 2792.443000
0.451395 2795.011000
0.450343 2799.089000
0.449966 2801.429000
0.449830 2804.095000
0.449651 2807.946000
0.449612 2810.556000
0.449713 2813.139000
0.449591 2816.998000
0.449530 2819.719000
0.449574 2822.181000
0.449569 2826.083000
0.449579 2828.635000
0.449539 2831.250000
0.449520 2835.154000
0.449557 2837.739000
0.449570 2840.175000
0.449573 2844.073000
0.449583 2846.664000
0.449597 2849.301000
0.449538 2853.233000
0.449623 2855.745000
0.449628 2858.343000
0.449565 2861.073000
0.449543 2864.980000
0.451329 2867.868000
0.455780 2870.033000
0.470011 2874.201000
0.479781 2876.664000
0.485532 2879.230000
0.490007 2883.185000
0.491385 2885.817000
0.492134 2888.414000
0.492633 2891.024000
0.492993 2894.876000
0.492987 2897.467000
0.493239 2900.088000
0.493176 2904.009000
0.493161 2906.649000
0.493207 2909.334000
0.493137 2913.191000
0.493187 2915.898000
0.493194 2918.429000
0.493124 2921.683000
0.487302 2925.115000
0.479571 2927.614000
0.468046 2930.332000
0.459799 2933.141000
0.454067 2937.032000
0.452223 2939.687000
0.451268 2942.107000
0.453777 2946.168000
0.459737 2948.808000
0.468721 2951.434000
0.480794 2954.105000
0.502000 2957.937000
0.517802 2960.727000
0.532509 2963.359000
0.554690 2967.281000
0.567484 2969.896000
0.574477 2972.578000
0.575454 2975.309000
0.569991 2979.166000
0.563033 2981.755000
0.552894 2984.414000
0.538636 2987.265000
0.517289 2991.069000
0.503963 2993.697000
0.496324 2996.495000
0.492111 2999.190000
0.489063 3003.199000
0.488122 3005.807000
0.487556 3008.468000
0.484926 3011.100000
0.475357 3015.050000
0.464826 3017.812000
0.454670 3020.336000
0.448320 3023.117000
0.443849 3027.036000
0.442416 3029.865000
0.441548 3032.486000
0.441060 3035.055000
0.440767 3039.207000
0.438591 3041.719000
0.433285 3044.488000
0.424829 3047.172000
0.412960 3051.109000
0.408976 3053.813000
0.406709 3056.592000
0.405584 3059.171000
0.404627 3063.200000
0.404334 3065.991000
0.401889 3068.608000
0.395855 3071.546000
0.387828 3074.091000
0.369812 3078.081000
0.360745 3080.809000
0.355693 3083.513000
0.352879 3086.201000
0.352310 3090.419000
0.355905 3092.922000
0.362844 3095.651000
0.372577 3098.337000
0.392354 3102.291000
0.407127 3104.987000
0.422600 3107.798000
0.436878 3110.400000
0.451741 3113.112000
0.474297 3117.223000
0.490815 3120.230000
0.499131 3122.569000
0.504680 3125.306000
0.505011 3128.032000
0.498596 3132.093000
0.490451 3134.874000
0.479460 3137.594000
0.471965 3140.290000
0.466358 3144.336000
0.464563 3147.064000
0.463565 3149.774000
0.462843 3152.592000
0.461916 3155.300000
0.457741 3158.013000
0.446279 3162.040000
0.436742 3164.751000
0.431436 3167.483000
0.428453 3170.234000
0.426100 3174.461000
0.425391 3177.075000
0.425053 3179.807000
0.426404 3182.661000
0.431045 3185.260000
0.439082 3188.028000
0.456419 3192.119000
0.465411 3194.995000
0.468238 3197.692000
0.466026 3200.451000
0.460937 3203.090000
0.448791 3207.365000
0.444493 3209.967000
0.443182 3212.821000
0.445387 3215.472000
0.450830 3218.226000
0.462524 3222.511000
0.464108 3225.187000
0.460666 3227.846000
0.457730 3230.801000
0.456208 3233.371000
0.458670 3236.358000
0.463889 3239.011000
0.476986 3243.017000
0.482896 3245.777000
0.483147 3248.540000
0.482256 3251.306000
0.481690 3254.097000
0.487638 3258.223000
0.495516 3261.029000
0.505975 3263.773000
0.513432 3266.680000
0.514335 3269.307000
0.511761 3272.199000
0.509057 3276.271000
0.508140 3279.135000
0.507696 3281.813000
0.507405 3284.599000
0.507219 3287.444000
0.507137 3290.150000
0.502653 3294.329000
0.495671 3297.214000
0.487834 3299.962000
0.483561 3302.694000
0.480999 3305.508000
0.479420 3308.352000
0.478854 3311.064000
0.478167 3315.245000
0.477966 3318.029000
0.477865 3320.855000
0.477945 3323.618000
0.477808 3326.505000
0.477810 3330.053000
0.477785 3332.449000
0.477788 3336.205000
0.477704 3339.084000
0.477735 3341.868000
0.477041 3344.706000
0.473247 3347.468000
0.466586 3350.260000
0.458540 3353.114000
0.452858 3357.326000
0.450941 3360.168000
0.449830 3362.963000
0.449299 3365.771000
0.449067 3368.485000
0.448731 3371.308000
0.448712 3374.115000
0.448556 3377.061000
0.448628 3381.260000
0.448481 3383.987000
0.448487 3386.791000
0.452339 3389.673000
0.458840 3392.412000
0.468493 3395.266000
0.481707 3398.219000
0.498491 3402.406000
0.504051 3405.238000
0.506162 3408.027000
0.503139 3410.802000
0.496988 3413.635000
0.487872 3416.486000
0.477667 3419.303000
0.471797 3422.336000
0.468650 3425.010000
0.466285 3429.244000
0.465593 3432.059000
0.465200 3434.962000
0.464862 3437.745000
0.464806 3440.575000
0.464737 3443.417000
0.464666 3446.268000
0.464691 3449.112000
0.464617 3453.379000
0.464742 3456.333000
0.464574 3459.197000
0.463586 3461.043000
0.457682 3464.756000
0.449292 3467.694000
0.443518 3470.492000
0.440145 3473.333000
0.438207 3476.329000
0.437218 3479.049000
0.436478 3483.347000
0.436231 3486.196000
0.436044 3489.066000
0.436023 3492.030000
0.435884 3494.790000
0.435884 3497.653000
0.435863 3500.638000
0.437480 3503.499000
0.442523 3506.237000
0.451577 3509.428000
0.468173 3513.437000
0.483063 3516.295000
0.497916 3519.159000
0.510941 3522.016000
0.518263 3524.901000
0.522404 3527.806000
0.524795 3530.667000
0.526197 3533.610000
0.526871 3536.433000
0.527202 3539.329000
0.525651 3542.577000
0.521373 3545.063000
0.508428 3549.396000
0.495890 3552.315000
0.483300 3555.159000
0.475936 3558.081000
0.471900 3560.980000
0.469663 3563.854000
0.468392 3566.742000
0.467675 3569.636000
0.467222 3572.736000
0.466114 3575.694000
0.462349 3578.449000
0.455602 3581.255000
0.445601 3584.184000
0.438574 3587.078000
0.433499 3591.382000
0.431812 3594.291000
0.430901 3597.167000
0.430313 3600.148000
0.430086 3602.973000
0.429953 3605.887000
0.431250 3608.805000
0.436348 3611.671000
0.444396 3614.601000
0.455379 3617.501000
0.469899 3620.535000
0.484844 3623.448000
0.499316 3626.288000
0.513859 3629.155000
0.528769 3632.071000
0.538704 3635.010000
0.543554 3638.025000
0.540277 3642.294000
0.533983 3645.218000
0.524606 3648.148000
0.512400 3651.053000
0.500941 3653.349000
0.491452 3656.920000
0.487346 3659.842000
0.485105 3662.797000
0.483870 3665.713000
0.483126 3668.651000
0.486343 3671.671000
0.492411 3674.564000
0.501223 3677.441000
0.513165 3680.385000
0.527819 3683.329000
0.543190 3686.384000
0.557405 3689.183000
0.570903 3692.146000
0.578609 3695.149000
0.580005 3698.018000
0.575442 3702.442000
0.572462 3704.002000
0.558891 3708.430000
0.552350 3710.042000
0.531443 3714.324000
0.516713 3717.230000
0.502221 3720.116000
0.492347 3723.083000
0.486844 3726.079000
0.483763 3729.003000
0.482006 3731.974000
0.481054 3734.981000
0.480499 3737.879000
0.480183 3740.837000
0.480049 3743.807000
0.479900 3746.760000
0.479820 3749.721000
0.479143 3752.773000
0.475350 3755.694000
0.468584 3758.664000
0.458960 3761.606000
0.445454 3764.766000
0.437518 3767.487000
0.432595 3770.449000
0.429570 3773.642000
0.428101 3776.416000
0.427119 3779.402000
0.426665 3782.385000
0.426438 3785.341000
0.426260 3788.320000
0.426142 3791.295000
0.426139 3794.434000
0.426131 3797.253000
0.429747 3800.294000
0.436359 3803.232000
0.444339 3806.262000
0.448646 3809.189000
0.451215 3812.265000
0.452577 3815.158000
0.453304 3818.149000
0.453844 3821.157000
0.454094 3824.128000
0.454201 3827.206000
0.454306 3830.152000
0.454312 3833.208000
0.454212 3836.132000
0.454331 3839.106000
0.454279 3842.103000
0.454411 3845.106000
0.454397 3848.113000
0.454385 3851.108000
0.454354 3854.112000
0.454262 3857.112000
0.454354 3860.327000
0.454268 3863.271000
0.454365 3866.244000
0.454257 3869.323000
0.454319 3872.281000
0.454409 3875.271000
0.454387 3878.157000
0.454406 3881.312000
0.454360 3884.201000
0.454328 3887.198000
0.454333 3890.343000
0.454403 3893.353000
0.454308 3896.268000
0.454422 3899.353000
0.454373 3902.289000
0.454393 3905.315000
0.454287 3908.365000
0.454327 3911.360000
0.454374 3914.381000
0.454395 3917.398000
0.454393 3920.438000
0.454357 3923.585000
0.454387 3926.686000
0.454306 3929.657000
0.454395 3932.682000
0.454414 3935.767000
0.454379 3938.736000
0.454430 3941.662000
0.454319 3944.703000
0.454281 3947.856000
0.454382 3950.905000
0.454444 3953.824000
0.454384 3956.986000
0.454384 3959.894000
0.450617 3963.105000
0.443894 3966.118000
0.434569 3969.054000
0.422159 3972.046000
0.405795 3975.400000
0.392307 3978.163000
0.377519 3981.193000
0.367773 3984.257000
0.362233 3987.316000
0.359183 3990.377000
0.357388 3993.422000
0.356433 3996.549000
0.356102 3998.011000
0.355683 4001.171000
0.355431 4004.242000
0.355308 4007.184000
0.355231 4010.420000
0.355170 4013.307000
0.355182 4016.369000
0.355139 4019.553000
0.355142 4022.631000
0.358767 4025.643000
0.365268 4028.603000
0.375147 4031.758000
0.387840 4034.880000
0.402901 4037.986000
0.415336 4040.880000
0.422955 4044.122000
0.427168 4047.218000
0.429361 4050.132000
0.430605 4053.225000
0.431327 4056.296000
0.431814 4059.436000
0.432020 4062.585000
0.432079 4064.028000
0.432206 4067.134000
0.432313 4070.150000
0.432253 4073.231000
0.432352 4076.329000
0.432990 4079.544000
0.436516 4082.472000
0.443226 4085.579000
0.452949 4088.671000
0.463365 4091.729000
0.469248 4094.866000
0.472614 4097.969000
0.474347 4101.037000
0.475508 4104.262000
0.476083 4107.385000
0.476421 4110.323000
0.476631 4113.506000
0.476752 4116.596000
0.476677 4118.127000
0.476722 4121.191000
0.476788 4124.290000
0.476873 4127.387000
0.476773 4130.500000
0.476826 4133.599000
0.476894 4136.858000
0.476867 4139.952000
0.476813 4143.049000
0.476807 4146.031000
0.476867 4149.170000
0.476819 4152.259000
0.476941 4155.480000
0.476855 4158.509000
0.476838 4160.057000
0.476754 4163.172000
0.476867 4166.284000
0.476790 4169.405000
0.476851 4172.575000
0.476849 4175.647000
0.476838 4178.780000
0.476778 4182.131000
0.476814 4185.046000
0.476861 4188.146000
0.476820 4191.432000
0.476923 4194.530000
0.476911 4196.124000
0.476808 4199.127000
0.476879 4202.334000
0.476820 4205.483000
0.476814 4208.604000
0.476909 4211.734000
0.476929 4214.746000
0.476857 4218.037000
0.476778 4221.153000
0.476873 4224.179000
0.476891 4227.292000
0.476849 4230.648000
0.476879 4232.214000
0.476875 4235.209000
0.476803 4238.304000
0.476891 4241.442000
0.476838 4244.596000
0.476838 4247.740000
0.475111 4251.219000
0.470337 4254.125000
0.461563 4257.471000
0.451440 4260.308000
0.443512 4262.183000
0.435429 4265.084000
0.430495 4268.250000
0.427713 4271.384000
0.426152 4274.670000
0.425267 4277.704000
0.424826 4280.848000
0.424590 4284.010000
0.424327 4287.174000
0.424260 4290.364000
0.424221 4293.507000
0.424260 4295.093000
0.424230 4298.244000
0.424177 4301.415000
0.424115 4304.594000
0.424208 4307.762000
0.424187 4310.931000
0.424204 4314.217000
0.424150 4317.261000
0.424162 4320.434000
0.424171 4322.025000
0.424208 4325.333000
0.426034 4328.785000
0.430561 4331.528000
0.438679 4334.724000
0.449784 4337.908000
0.464228 4341.167000
0.474291 4344.417000
0.479538 4347.478000
0.481324 4349.056000
0.483796 4352.383000
0.484949 4355.437000
0.485692 4358.614000
0.486030 4361.804000
0.486324 4364.990000
0.486423 4368.182000
0.486459 4370.042000
0.486640 4374.682000
0.486548 4376.276000
0.486634 4379.496000
0.484987 4382.629000
0.479339 4386.112000
0.472047 4388.928000
0.460663 4392.208000
0.453035 4395.399000
0.450293 4397.068000
0.447080 4400.263000
0.445221 4403.342000
0.444151 4406.691000
0.443542 4409.884000
0.443202 4413.086000
0.443059 4416.308000
0.442944 4419.383000
0.442843 4421.253000
0.442832 4424.319000
0.442776 4427.547000
0.442864 4430.762000
0.442841 4434.075000
0.442818 4437.033000
0.442876 4440.283000
0.442839 4443.508000
0.442783 4445.136000
0.442752 4448.407000
0.442884 4451.535000
0.442777 4454.761000
0.442762 4458.088000
0.442837 4461.193000
0.442877 4464.419000
0.442801 4466.030000
0.444245 4469.303000
0.449930 4472.804000
0.457400 4475.754000
0.468369 4478.965000
0.480385 4482.275000
0.486646 4485.399000
0.489079 4487.239000
0.491837 4490.448000
0.493392 4493.462000
0.494252 4496.694000
0.493026 4500.194000
0.488769 4503.212000
0.480745 4506.584000
0.476369 4508.030000
0.463584 4511.460000
0.451740 4514.506000
0.444172 4518.060000
0.440517 4521.039000
0.438139 4524.509000
0.437015 4527.518000
0.436606 4529.303000
0.436140 4532.408000
0.435737 4535.775000
0.435575 4539.045000
0.435456 4542.290000
0.435460 4545.417000
0.436991 4547.075000
0.442167 4550.343000
0.450148 4553.592000
0.461574 4556.908000
0.475172 4560.052000
0.484771 4563.286000
0.490344 4566.590000
0.492197 4568.285000
0.494421 4571.516000
0.495731 4574.691000
0.496484 4577.961000
0.496863 4581.234000
0.497094 4584.610000
0.497205 4586.182000
0.497299 4589.587000
0.497421 4593.163000
0.495722 4596.307000
0.490847 4599.303000
0.482995 4602.488000
0.477739 4604.135000
0.465259 4607.381000
0.449711 4610.809000
0.440140 4614.042000
0.434653 4617.319000
0.432755 4619.001000
0.430462 4622.385000
0.429151 4625.605000
0.428450 4628.862000
0.428043 4632.195000
0.427776 4635.298000
0.427730 4637.046000
0.427632 4640.349000
0.427621 4643.584000
0.427572 4646.790000
0.427550 4650.082000
0.427552 4653.545000
0.427518 4655.015000
0.427486 4658.303000
0.427525 4661.601000
0.427528 4664.895000
0.427527 4668.183000
0.427456 4671.629000
0.427545 4673.131000
0.431453 4676.571000
0.438009 4679.836000
0.447821 4683.181000
0.460293 4686.439000
0.469014 4689.741000
0.471987 4691.527000
0.475636 4694.751000
0.477769 4698.056000
0.478894 4701.386000
0.479548 4704.512000
0.478261 4706.197000
0.473620 4709.463000
0.465392 4713.034000
0.460295 4716.166000
0.457219 4719.430000
0.454749 4721.415000
0.450227 4724.492000
0.447530 4727.719000
0.445910 4731.035000
0.445041 4734.397000
0.444741 4736.016000
0.448005 4739.432000
0.454844 4743.110000
0.463244 4746.143000
0.475059 4749.377000
0.489788 4752.743000
0.497239 4754.395000
0.511430 4757.580000
0.526258 4760.909000
0.542013 4764.410000
0.551163 4767.559000
0.554271 4769.222000
0.558655 4772.714000
0.559931 4776.426000
0.557630 4779.216000
0.551800 4782.715000
0.548129 4784.316000
0.538061 4787.682000
0.527354 4791.021000
0.521347 4794.310000
0.519455 4796.023000
0.516920 4799.265000
0.515547 4802.822000
0.514728 4806.005000
