0.500000 -96.666660
0.500000 -93.327670
0.500000 -93.126980
0.500000 -90.898900
0.500000 -87.881880
0.500000 -84.924720
0.500000 -81.991700
0.500000 -78.778440
0.500000 -75.901580
0.500000 -72.989460
0.500000 -69.975920
0.500000 -66.870510
0.500000 -63.598740
0.500001 -60.790200
0.499999 -57.993110
0.500000 -54.988830
0.500001 -51.844460
0.499999 -48.989590
0.484311 -45.770370
0.408093 -42.944610
0.442528 -39.925880
0.426813 -36.807560
0.429162 -33.883920
0.430813 -30.885200
0.430863 -27.924630
0.430865 -24.884110
0.430864 -21.800900
0.430865 -18.939460
0.430864 -15.772640
0.430865 -12.826140
0.430863 -9.878227
0.430863 -6.848145
0.430864 -3.818764
0.430866 -0.746994
0.430864 2.073181
0.430864 5.188026
0.430864 8.069145
0.430865 11.298640
0.453313 14.314110
0.468523 17.194080
0.460717 20.201510
0.462475 23.227460
0.462573 26.256490
0.462580 29.029860
0.462580 32.156720
0.462582 35.271360
0.462579 38.118770
0.462581 41.337200
0.462581 44.206730
0.462582 47.153590
0.462579 50.084290
0.462580 53.056380
0.462579 56.048610
0.462580 59.028290
0.462581 62.087420
0.462579 65.112560
0.462582 68.199780
0.462584 71.319640
0.462579 74.099380
0.462576 77.239290
0.462580 80.051680
0.462581 83.212770
0.462579 86.087330
0.462582 89.221360
0.462578 92.072010
0.462581 95.082090
0.462578 98.019330
0.462584 101.297200
0.462577 104.271700
0.462583 107.245800
0.462579 110.314900
0.462579 113.236800
0.462584 116.098800
0.462581 119.380900
0.462576 122.342300
0.462581 125.152600
0.462579 128.158600
0.462581 131.225300
0.462579 134.114700
0.462581 137.079800
0.462580 140.219700
0.462578 143.021800
0.462583 146.286900
0.462578 149.034400
0.462583 152.210700
0.462580 155.106300
0.462579 158.355000
0.462584 161.176500
0.462578 164.017400
0.462580 167.343000
0.462580 170.292400
0.462584 173.143000
0.462582 176.148800
0.462581 179.074300
0.462579 182.155000
0.462579 185.079000
0.462582 188.377800
0.462580 191.385600
0.462582 194.377900
0.462575 197.490400
0.462575 200.273700
0.462578 203.262300
0.462577 206.189700
0.462577 209.177900
0.462579 212.294300
0.462580 215.420600
0.462575 218.066400
0.462581 221.149200
0.462577 224.300900
0.462578 227.019300
0.462583 230.171700
0.462581 233.353300
0.473424 236.067600
0.516467 239.266700
0.522862 242.127500
0.505475 245.249700
0.514410 248.034200
0.511329 251.292400
0.511632 254.128200
0.510072 257.361000
0.509027 260.191600
0.508823 263.027200
0.508808 266.342200
0.508798 269.221800
0.508786 272.066300
0.508810 275.420600
0.508803 278.306300
0.508796 281.204100
0.508791 284.151600
0.508790 287.074300
0.508779 290.446600
0.508798 293.386000
0.503830 296.467900
0.496890 299.307800
0.485727 302.298600
0.479174 305.287100
0.474589 308.270300
0.478600 311.261800
0.476143 314.308500
0.475714 317.322300
0.475643 320.309200
0.475634 323.358100
0.475629 326.438800
0.475614 329.511000
0.475619 332.024900
0.475625 335.171300
0.475619 338.232100
0.475619 341.303800
0.475624 344.417900
0.475625 347.091300
0.475616 350.147900
0.475625 353.339800
0.475616 356.474800
0.475620 359.103600
0.475617 362.240800
0.475631 365.417100
0.475627 368.076700
0.475627 371.284400
0.475614 374.001700
0.475624 377.167500
0.475624 380.396300
0.475622 383.125300
0.475619 386.394700
0.475615 389.093900
0.475626 392.360300
0.475633 395.084000
0.475617 398.372000
0.475625 401.120200
0.475632 404.423000
0.475618 407.135400
0.475624 410.506400
0.475619 413.296200
0.475627 416.065400
0.475623 419.793200
0.475628 422.231900
0.475621 425.059400
0.475624 428.413100
0.475619 431.186100
0.475630 434.537700
0.475626 437.695100
0.475620 440.215500
0.475630 443.087200
0.475622 446.609700
0.475624 449.390100
0.475635 452.293600
0.475636 455.387600
0.475628 458.121000
0.475627 461.479400
0.475625 464.425800
0.468134 467.323200
0.448515 470.205100
0.449211 473.139100
0.444693 476.195900
0.444911 479.604700
0.444015 482.478500
0.445295 485.440100
0.445621 488.389300
0.445676 491.361900
0.445699 494.335200
0.445701 497.312200
0.445707 500.313800
0.445705 503.290800
0.445707 506.289000
0.445712 509.336300
0.445708 512.306900
0.445704 515.325300
0.445708 518.440700
0.445708 521.429000
0.445717 524.433200
0.445705 527.485600
0.445704 530.530500
0.445696 533.033800
0.445702 536.060000
0.446416 539.124800
0.461319 542.213400
0.488156 545.304700
0.486447 548.566300
0.493095 551.508200
0.492136 554.089800
0.493622 557.117900
0.494270 560.229500
0.493558 563.410100
0.493608 566.517400
0.495832 569.028100
0.495881 572.211500
0.494325 575.337500
0.493585 578.502700
0.495078 581.040800
0.495832 584.220000
0.493387 587.396900
0.486707 590.586800
0.467383 593.148700
0.430143 596.422900
0.395165 599.576300
0.386202 602.147000
0.397481 605.417800
0.413684 608.635600
0.412276 611.209300
0.427032 614.433800
0.450645 617.105500
0.454866 620.312900
0.438652 623.557100
0.434912 626.178100
0.416391 629.455400
0.388385 632.128800
0.373829 635.385200
0.381286 638.024300
0.400556 641.318700
0.393640 644.678300
0.387806 647.323500
0.395827 650.736300
0.390871 653.318600
0.402295 656.683500
0.423996 659.267200
0.461181 662.616600
0.486767 665.341600
0.490293 668.196600
0.475857 671.389700
0.464113 674.065400
0.473021 677.433700
0.468609 680.136900
0.473008 683.583700
0.467857 686.252300
0.472274 689.720800
0.468638 692.449400
0.472294 695.131300
0.470150 698.595900
0.472954 701.302800
0.473931 704.029200
0.472795 707.003300
0.474217 710.323500
0.474123 713.007800
0.474728 716.508500
0.474806 719.304100
0.474747 722.022900
0.476203 725.487600
0.473981 728.279000
0.475479 731.072400
0.476200 734.619400
0.477975 737.376700
0.476235 740.214200
0.477694 743.038400
0.476971 746.515800
0.477138 749.370800
0.477227 752.182600
0.477188 755.010600
0.477944 758.553300
0.477935 761.390300
0.478063 764.286400
0.479466 767.080300
0.481492 770.649500
0.483010 773.568500
0.482997 776.389900
0.482906 779.252500
0.482755 782.130100
0.482198 785.017300
0.481450 788.668300
0.482997 791.542200
0.483797 794.447200
0.481589 797.365900
0.483347 800.186800
0.474963 803.191900
0.470419 806.048500
0.471055 809.662400
0.469423 812.568900
0.471136 815.581800
0.471938 818.520300
0.469701 821.437700
0.471039 824.315300
0.471709 827.260600
0.467368 830.205000
0.464990 833.158100
0.457695 836.111600
0.453962 839.126500
0.450385 842.279300
0.445421 845.080800
0.445429 848.744800
0.444944 851.832700
0.442844 854.713400
0.445061 857.011400
0.445120 860.707200
0.442881 863.013400
0.445067 866.041300
0.443196 869.952300
0.440970 872.012600
0.439398 875.054000
0.437078 878.025500
0.435611 881.033100
0.437906 884.073000
0.436289 887.131300
0.435949 890.166300
0.433967 893.218400
0.432744 896.608500
0.431585 899.288700
0.430330 902.346100
0.432512 905.441700
0.430933 908.572600
0.430117 911.559300
0.432310 914.730700
0.430180 917.005900
0.431742 920.027300
0.432480 923.116800
0.430233 926.207900
0.431807 929.303600
0.432537 932.406700
0.430268 935.514300
0.431922 938.626300
0.431230 941.027200
0.430366 944.182900
0.432539 947.266200
0.431058 950.352400
0.430277 953.466100
0.432475 956.604400
0.431027 959.814800
0.431697 962.105500
0.432470 965.322400
0.430354 968.474700
0.431819 971.631600
0.431089 974.021400
0.430294 977.163100
0.432509 980.277300
0.431013 983.457200
0.430466 986.644300
0.432625 989.024200
0.430483 992.232500
0.432062 995.438100
0.428139 998.596900
0.425908 1001.007000
0.422936 1004.379000
0.421296 1007.452000
0.419821 1010.682000
0.417637 1013.046000
0.414801 1016.269000
0.413307 1019.503000
0.415488 1022.755000
0.413292 1025.163000
0.414779 1028.396000
0.413389 1031.715000
0.411485 1034.114000
0.409931 1037.329000
0.406165 1040.617000
0.408488 1043.071000
0.406243 1046.399000
0.413413 1049.563000
0.426794 1052.014000
0.448380 1055.310000
0.449170 1058.577000
0.440264 1061.041000
0.439321 1064.355000
0.452974 1067.698000
0.463853 1070.145000
0.460249 1073.407000
0.456225 1076.704000
0.462721 1079.185000
0.475277 1082.540000
0.472980 1085.023000
0.472220 1088.362000
0.478953 1091.644000
0.476747 1094.187000
0.478089 1097.545000
0.478836 1100.164000
0.480470 1103.366000
0.478959 1106.797000
0.479586 1109.294000
0.478349 1112.615000
0.479019 1115.063000
0.480385 1118.515000
0.478149 1121.039000
0.479671 1124.357000
0.480350 1127.700000
0.478212 1130.236000
0.473681 1133.649000
0.462668 1136.160000
0.439232 1139.581000
0.432659 1142.095000
0.440222 1145.576000
0.446679 1148.132000
0.439198 1151.525000
0.432379 1154.004000
0.439750 1157.422000
0.439034 1160.869000
0.436699 1163.422000
0.443793 1166.105000
0.462946 1169.476000
0.486947 1172.845000
0.491616 1175.469000
0.489456 1178.046000
0.496624 1181.478000
0.510122 1184.068000
0.516154 1187.583000
0.509562 1190.167000
0.503860 1193.557000
0.510572 1196.157000
0.532232 1199.961000
0.547288 1202.417000
0.555635 1205.029000
0.551068 1208.366000
0.534563 1211.866000
0.514394 1214.502000
0.492272 1217.104000
0.461448 1220.732000
0.441202 1223.310000
0.432421 1226.072000
0.436835 1229.331000
0.453568 1232.913000
0.460177 1235.550000
0.458059 1238.121000
0.465619 1241.689000
0.479280 1244.381000
0.484869 1247.896000
0.478449 1250.470000
0.471667 1253.126000
0.478738 1256.673000
0.479482 1259.340000
0.472591 1262.048000
0.460134 1265.553000
0.462336 1268.223000
0.463096 1271.796000
0.456329 1274.524000
0.458524 1277.189000
0.453933 1280.811000
0.455061 1283.448000
0.452769 1286.107000
0.449782 1289.677000
0.448302 1292.370000
0.445996 1295.107000
0.444802 1298.734000
0.444872 1301.460000
0.444251 1304.142000
0.443612 1307.696000
0.445774 1310.475000
0.443618 1313.191000
0.445815 1316.820000
0.443598 1319.532000
0.445788 1322.220000
0.443460 1325.083000
0.444808 1328.519000
0.440152 1331.245000
0.442431 1334.034000
0.437309 1337.678000
0.438004 1340.362000
0.437315 1343.166000
0.437319 1346.783000
0.438086 1349.619000
0.437402 1352.356000
0.438125 1355.060000
0.436062 1358.691000
0.433695 1361.496000
0.429229 1364.265000
0.424166 1367.896000
0.417474 1370.663000
0.415225 1373.434000
0.410726 1376.203000
0.409377 1379.018000
0.410122 1382.762000
0.409331 1385.549000
0.409969 1388.255000
0.410730 1391.040000
0.411403 1394.763000
0.409221 1397.541000
0.411462 1400.338000
0.411477 1403.156000
0.415071 1406.911000
0.417279 1409.705000
0.426172 1412.503000
0.439556 1415.305000
0.441848 1418.126000
0.433619 1421.855000
0.435916 1424.732000
0.444578 1427.446000
0.446756 1430.351000
0.446114 1433.310000
0.456147 1436.873000
0.458539 1439.702000
0.457838 1442.539000
0.464503 1445.382000
0.465246 1448.202000
0.464521 1451.102000
0.468321 1454.922000
0.470474 1457.745000
0.472060 1460.592000
0.471978 1463.369000
0.473145 1466.280000
0.470825 1469.182000
0.472985 1472.990000
0.470801 1475.849000
0.472818 1478.714000
0.470730 1481.498000
0.473022 1484.450000
0.470790 1487.238000
0.473116 1490.194000
0.470956 1493.070000
0.472496 1496.924000
0.471715 1499.718000
0.472538 1502.602000
0.471762 1505.500000
0.472488 1508.382000
0.471792 1511.344000
0.472456 1514.185000
0.470785 1517.187000
0.472031 1520.918000
0.471253 1523.842000
0.472000 1526.749000
0.471288 1529.654000
0.472060 1532.568000
0.471295 1535.491000
0.472077 1538.506000
0.471408 1541.371000
0.472248 1544.307000
0.471577 1547.214000
0.470038 1550.093000
0.465553 1553.010000
0.463321 1556.960000
0.462958 1559.233000
0.462743 1562.789000
0.461994 1565.732000
0.462761 1568.760000
0.461970 1571.634000
0.462938 1574.571000
0.461879 1577.580000
0.459694 1580.537000
0.458191 1583.423000
0.455974 1586.382000
0.455971 1589.345000
0.456717 1592.319000
0.455988 1595.284000
0.454424 1598.307000
0.456698 1601.286000
0.454273 1604.371000
0.456665 1607.264000
0.454448 1610.145000
0.456766 1613.214000
0.458960 1616.176000
0.461170 1619.179000
0.460459 1622.179000
0.461148 1625.133000
0.462655 1628.127000
0.467133 1631.122000
0.473880 1634.127000
0.476026 1637.115000
0.478301 1640.118000
0.487236 1643.125000
0.502654 1646.107000
0.518371 1649.129000
0.521277 1652.162000
0.514517 1655.194000
0.513744 1658.204000
0.520388 1661.183000
0.527021 1664.221000
0.522585 1667.241000
0.513683 1670.269000
0.515184 1673.302000
0.521851 1676.328000
0.519637 1679.554000
0.510976 1682.460000
0.495606 1685.452000
0.474000 1688.502000
0.460603 1691.553000
0.459910 1694.617000
0.466778 1697.724000
0.480170 1700.763000
0.493350 1703.790000
0.494017 1706.882000
0.489213 1709.411000
0.481266 1713.092000
0.483656 1715.148000
0.490063 1718.141000
0.487841 1721.161000
0.485787 1724.208000
0.481205 1727.307000
0.476542 1730.462000
0.467054 1733.675000
0.449856 1736.973000
0.442782 1739.647000
0.445167 1742.811000
0.451733 1745.863000
0.449493 1748.936000
0.442793 1752.049000
0.443533 1754.089000
0.447924 1757.182000
0.448936 1760.283000
0.457994 1763.442000
0.462557 1766.543000
0.465157 1769.617000
0.469748 1772.797000
0.469065 1775.882000
0.471288 1778.969000
0.474292 1781.048000
0.471863 1784.199000
0.476247 1787.309000
0.474561 1790.574000
0.476802 1793.565000
0.474507 1796.719000
0.475469 1799.056000
0.476679 1803.013000
0.478103 1805.061000
0.479577 1808.272000
0.479636 1811.425000
0.481831 1814.576000
0.482557 1817.712000
0.483612 1820.863000
0.482767 1824.183000
0.482827 1826.081000
0.483534 1829.234000
0.482771 1832.398000
0.483493 1835.578000
0.482757 1838.753000
0.483535 1841.905000
0.483451 1844.018000
0.482790 1847.279000
0.483430 1850.490000
0.482727 1853.560000
0.485427 1856.019000
0.489763 1859.925000
0.497837 1862.437000
0.499364 1865.240000
0.499024 1868.902000
0.500579 1871.620000
0.499758 1875.040000
0.499600 1877.024000
0.493014 1880.209000
0.479819 1883.351000
0.472971 1886.575000
0.471981 1889.820000
0.463184 1892.989000
0.460063 1895.200000
0.458656 1898.340000
0.449493 1901.624000
0.447161 1904.796000
0.444774 1907.055000
0.442804 1910.287000
0.440669 1913.426000
0.438534 1916.699000
0.439315 1919.849000
0.438499 1923.113000
0.438620 1925.344000
0.439497 1928.587000
0.438770 1931.823000
0.437382 1934.982000
0.438087 1937.196000
0.438827 1940.396000
0.433766 1943.638000
0.438198 1946.907000
0.438235 1949.184000
0.433982 1952.376000
0.438414 1955.626000
0.436917 1958.860000
0.433945 1961.039000
0.438292 1964.311000
0.436772 1967.578000
0.434583 1970.915000
0.438163 1973.034000
0.436754 1976.314000
0.434447 1979.596000
0.438834 1982.877000
0.436716 1985.064000
0.434181 1988.359000
0.438724 1991.639000
0.434224 1994.935000
0.434204 1997.288000
0.438605 2000.542000
0.436393 2003.855000
0.436368 2006.013000
0.438568 2009.264000
0.439957 2012.582000
0.448933 2015.888000
0.459529 2018.296000
0.472099 2021.451000
0.472728 2024.738000
0.472037 2028.157000
0.475438 2030.188000
0.486605 2033.518000
0.504148 2036.840000
0.518960 2039.053000
0.540131 2042.382000
0.549406 2045.715000
0.548471 2048.240000
0.548162 2051.291000
0.555832 2055.005000
0.565807 2057.990000
0.567163 2060.183000
0.562836 2063.528000
0.551795 2066.878000
0.540410 2069.188000
0.518796 2072.546000
0.497121 2075.808000
0.480383 2078.322000
0.459792 2081.420000
0.437426 2084.789000
0.426358 2087.164000
0.422138 2090.505000
0.426536 2093.803000
0.437429 2097.128000
0.448434 2099.394000
0.468383 2102.753000
0.476128 2105.112000
0.476540 2108.555000
0.472167 2112.034000
0.474163 2114.008000
0.480823 2117.380000
0.478508 2120.855000
0.479375 2123.139000
0.479975 2126.611000
0.479466 2129.946000
0.479538 2132.106000
0.478744 2135.595000
0.479507 2138.995000
0.479518 2141.174000
0.478772 2144.566000
0.476476 2147.981000
0.474602 2150.315000
0.473148 2153.669000
0.472392 2156.058000
0.471812 2159.421000
0.469655 2162.881000
0.471749 2165.072000
0.469591 2168.495000
0.471837 2171.909000
0.476889 2174.195000
0.483671 2177.625000
0.481338 2181.128000
0.483642 2183.472000
0.483631 2186.874000
0.485875 2189.186000
0.492490 2192.590000
0.492486 2195.963000
0.494712 2198.338000
0.496940 2201.702000
0.495396 2204.251000
0.499675 2207.519000
0.498234 2210.968000
0.492936 2213.304000
0.486392 2216.688000
0.479682 2220.146000
0.475928 2222.508000
0.469035 2226.042000
0.466855 2228.295000
0.457460 2231.876000
0.454752 2234.017000
0.457143 2237.496000
0.452864 2240.972000
0.448074 2243.302000
0.448148 2246.792000
0.444349 2249.135000
0.442184 2252.675000
0.437815 2256.110000
0.433354 2258.447000
0.435600 2261.976000
0.434851 2264.284000
0.430424 2267.718000
0.432739 2270.078000
0.434887 2273.663000
0.430450 2277.113000
0.432635 2279.405000
0.439105 2282.907000
0.439862 2285.246000
0.441357 2288.763000
0.444321 2291.095000
0.439825 2294.625000
0.441217 2298.148000
0.444234 2300.590000
0.439830 2304.019000
0.439807 2306.366000
0.444237 2309.946000
0.442093 2312.234000
0.435195 2315.932000
0.435912 2318.180000
0.436523 2321.753000
0.432934 2324.025000
0.434331 2327.557000
0.432175 2331.087000
0.432980 2333.553000
0.432291 2337.025000
0.432304 2339.391000
0.434456 2342.927000
0.436629 2345.302000
0.443643 2348.845000
0.446682 2351.245000
0.448170 2354.785000
0.453373 2357.159000
0.467045 2360.776000
0.473056 2363.216000
0.473647 2366.678000
0.477480 2369.130000
0.486167 2372.633000
0.486232 2375.016000
0.485290 2378.591000
0.488970 2381.033000
0.487434 2384.646000
0.484455 2387.032000
0.488787 2390.578000
0.487360 2394.164000
0.482170 2396.553000
0.481292 2400.224000
0.479238 2402.504000
0.476965 2406.114000
0.477777 2408.604000
0.475507 2412.100000
0.473302 2414.506000
0.472632 2417.056000
0.467820 2420.513000
0.461115 2424.123000
0.459641 2426.585000
0.460188 2430.141000
0.460318 2432.675000
0.460339 2435.072000
0.459568 2438.604000
0.459700 2441.099000
0.460379 2444.723000
0.460285 2447.111000
0.459549 2450.762000
0.459620 2453.190000
0.460419 2456.738000
0.460279 2459.249000
0.459495 2462.886000
0.459499 2465.227000
0.460230 2468.864000
0.460193 2471.467000
0.459311 2475.050000
0.459402 2477.443000
0.460068 2481.017000
0.459827 2483.451000
0.460705 2487.178000
0.459151 2489.637000
0.459223 2492.059000
0.460101 2495.708000
0.460177 2498.155000
0.459284 2501.819000
0.459273 2504.265000
0.460126 2507.980000
0.460127 2510.390000
0.460569 2514.054000
0.459109 2516.496000
0.461297 2520.077000
0.461281 2522.589000
0.461323 2525.036000
0.460445 2528.720000
0.460484 2531.179000
0.461316 2534.917000
0.461264 2537.284000
0.456864 2540.966000
0.450148 2543.436000
0.434244 2547.181000
0.422565 2549.603000
0.416695 2552.055000
0.412351 2555.754000
0.405657 2558.231000
0.403414 2561.987000
0.407065 2564.388000
0.405713 2568.120000
0.406427 2570.689000
0.406382 2573.171000
0.405800 2576.813000
0.407981 2579.252000
0.417082 2583.042000
0.426458 2585.482000
0.439564 2588.050000
0.450422 2591.749000
0.452573 2594.154000
0.454914 2597.960000
0.457173 2600.415000
0.454728 2604.280000
0.455397 2606.661000
0.457103 2609.203000
0.454944 2612.955000
0.457158 2615.465000
0.455050 2619.052000
0.455813 2621.579000
0.457307 2624.080000
0.455095 2627.823000
0.457343 2630.329000
0.455110 2634.125000
0.455764 2636.629000
0.457206 2639.081000
0.452707 2642.909000
0.452694 2645.424000
0.450473 2649.175000
0.450395 2651.631000
0.448138 2654.148000
0.439210 2657.967000
0.429485 2660.478000
0.409707 2664.207000
0.394746 2666.729000
0.384340 2669.248000
0.379477 2673.096000
0.381469 2675.583000
0.386718 2678.134000
0.399862 2681.847000
0.412999 2684.460000
0.435573 2688.301000
0.449691 2690.700000
0.464491 2693.236000
0.487277 2697.103000
0.497355 2699.555000
0.501738 2702.093000
0.499418 2705.950000
0.500266 2708.472000
0.507262 2712.380000
0.515006 2714.777000
0.526219 2717.332000
0.541916 2721.194000
0.544941 2723.677000
0.542678 2726.221000
0.533781 2730.043000
0.523910 2732.618000
0.511096 2735.208000
0.489249 2738.978000
0.474213 2741.524000
0.459433 2744.072000
0.437915 2748.020000
0.430576 2750.583000
0.429230 2753.024000
0.433711 2756.855000
0.440501 2759.430000
0.450107 2762.004000
0.456772 2765.890000
0.454643 2768.392000
0.449385 2771.008000
0.448567 2774.907000
0.452278 2777.366000
0.459231 2780.014000
0.467882 2783.773000
0.467124 2786.367000
0.460454 2790.234000
0.458358 2792.806000
0.460637 2795.366000
0.462922 2799.239000
0.461347 2801.822000
0.461377 2804.405000
0.462143 2808.284000
0.462109 2810.863000
0.462092 2813.548000
0.461985 2816.035000
0.463395 2819.987000
0.466251 2822.487000
0.465974 2825.072000
0.470590 2828.959000
0.472102 2831.538000
0.474397 2834.194000
0.474342 2838.022000
0.475771 2840.616000
0.478108 2843.215000
0.478129 2847.114000
0.479664 2849.718000
0.479613 2852.334000
0.478920 2856.230000
0.479050 2858.838000
0.477376 2861.596000
0.479600 2864.154000
0.479620 2867.962000
0.479602 2870.670000
0.479433 2873.188000
0.478703 2877.107000
0.478832 2879.817000
0.478796 2882.518000
0.479689 2886.388000
0.479614 2888.908000
0.479521 2891.477000
0.479591 2894.169000
0.478811 2898.073000
0.478785 2900.682000
0.478829 2903.271000
0.479495 2907.204000
0.479515 2909.832000
0.479482 2912.458000
0.479523 2915.085000
0.478582 2919.132000
0.478656 2921.740000
0.478651 2924.482000
0.479277 2928.343000
0.479114 2930.887000
0.477931 2933.103000
0.479889 2936.486000
0.477912 2940.118000
0.480065 2942.716000
0.479319 2945.375000
0.482101 2948.502000
0.491562 2952.465000
0.499632 2954.637000
0.510740 2957.341000
0.515736 2960.420000
0.512985 2964.394000
0.508414 2966.653000
0.506373 2969.245000
0.510849 2973.280000
0.515333 2975.945000
0.514474 2978.655000
0.513051 2981.245000
0.513749 2985.134000
0.513722 2987.917000
0.511461 2990.537000
0.512336 2993.100000
0.507919 2997.099000
0.499790 3000.281000
0.497702 3002.444000
0.497747 3005.097000
0.495646 3009.138000
0.494150 3012.068000
0.492111 3014.503000
0.489050 3017.228000
0.487466 3021.188000
0.482164 3023.872000
0.480715 3026.517000
0.478615 3029.144000
0.472264 3032.301000
0.458491 3036.315000
0.447979 3038.534000
0.433151 3041.205000
0.415166 3045.227000
0.410611 3047.980000
0.405463 3050.670000
0.397345 3053.407000
0.385373 3056.252000
0.369118 3060.689000
0.367356 3062.690000
0.369494 3065.371000
0.375985 3068.657000
0.381180 3072.118000
0.378901 3074.885000
0.373859 3077.502000
0.367336 3080.535000
0.368998 3084.269000
0.371938 3086.939000
0.369487 3089.979000
0.370267 3092.417000
0.370239 3095.064000
0.365847 3099.135000
0.359161 3101.839000
0.347630 3105.029000
0.343009 3107.280000
0.344525 3111.341000
0.349703 3114.055000
0.355720 3116.797000
0.362368 3119.489000
0.371764 3122.164000
0.385526 3125.099000
0.407676 3129.149000
0.421848 3131.741000
0.432404 3134.488000
0.436723 3137.185000
0.436795 3141.272000
0.440390 3143.941000
0.446899 3146.684000
0.458026 3149.780000
0.466911 3152.192000
0.471447 3156.207000
0.470385 3158.083000
0.464342 3161.676000
0.456137 3164.398000
0.446767 3167.240000
0.444574 3171.341000
0.448264 3174.070000
0.454842 3176.702000
0.457752 3179.469000
0.455005 3182.740000
0.450461 3185.025000
0.443859 3189.037000
0.446059 3191.814000
0.451521 3194.667000
0.452787 3197.305000
0.450606 3200.112000
0.448299 3204.280000
0.449658 3206.927000
0.447444 3209.678000
0.448182 3212.579000
0.449593 3215.194000
0.447383 3219.320000
0.449596 3222.134000
0.448897 3224.949000
0.448954 3227.592000
0.448849 3230.407000
0.450976 3233.102000
0.453322 3237.260000
0.452533 3240.044000
0.454786 3242.824000
0.455609 3245.628000
0.455615 3248.448000
0.455769 3251.227000
0.455069 3255.246000
0.455009 3258.136000
0.455080 3260.794000
0.455258 3263.567000
0.455243 3266.342000
0.455138 3269.120000
0.456015 3273.269000
0.457416 3276.040000
0.455087 3278.964000
0.455981 3281.742000
0.457368 3284.384000
0.457553 3287.486000
0.459503 3291.381000
0.459739 3294.529000
0.462955 3296.943000
0.469615 3299.719000
0.477686 3302.763000
0.478937 3305.319000
0.476782 3308.156000
0.474478 3312.281000
0.478371 3315.205000
0.478533 3317.891000
0.476957 3320.685000
0.479170 3323.508000
0.478354 3326.304000
0.476892 3329.345000
0.478889 3333.410000
0.478950 3336.241000
0.478856 3339.025000
0.478882 3341.692000
0.478834 3344.508000
0.478773 3347.449000
0.478647 3350.126000
0.477792 3354.335000
0.474027 3357.177000
0.469605 3360.039000
0.468947 3362.847000
0.465386 3365.585000
0.460805 3368.504000
0.461384 3371.213000
0.462999 3374.041000
0.460584 3377.026000
0.462750 3381.103000
0.461964 3383.923000
0.460458 3386.746000
0.462839 3389.622000
0.462163 3392.401000
0.460577 3395.230000
0.462831 3398.061000
0.460526 3402.308000
0.461417 3405.211000
0.465357 3408.139000
0.465275 3410.788000
0.463618 3413.710000
0.465944 3416.657000
0.468813 3419.374000
0.468696 3422.162000
0.472982 3426.401000
0.473268 3429.576000
0.476604 3432.095000
0.481367 3435.060000
0.480588 3437.779000
0.476894 3440.647000
0.476919 3443.488000
0.478439 3446.340000
0.478316 3449.238000
0.478413 3452.077000
0.476109 3456.271000
0.478462 3459.251000
0.477758 3462.008000
0.476261 3464.854000
0.478668 3467.851000
0.477916 3470.569000
0.476364 3473.427000
0.478622 3476.401000
0.477846 3479.274000
0.476312 3482.125000
0.480899 3486.368000
0.480849 3489.292000
0.479527 3492.029000
0.481641 3494.887000
0.484736 3497.799000
0.482427 3500.691000
0.483249 3503.488000
0.484732 3506.503000
0.482602 3509.320000
0.483234 3512.201000
0.484809 3515.075000
0.486358 3519.514000
0.485679 3522.223000
0.487868 3525.062000
0.487137 3527.933000
0.487101 3530.809000
0.487125 3533.717000
0.487109 3536.607000
0.487116 3539.478000
0.487180 3542.374000
0.487210 3545.254000
0.485780 3548.136000
0.485571 3551.091000
0.484782 3555.377000
0.484841 3558.387000
0.484666 3561.158000
0.484660 3564.110000
0.485853 3566.305000
0.485153 3569.974000
0.487258 3572.786000
0.492570 3575.727000
0.493937 3578.525000
0.494054 3581.428000
0.497911 3584.457000
0.504573 3587.318000
0.513923 3590.147000
0.527235 3593.217000
0.538137 3597.634000
0.538046 3600.310000
0.534412 3603.227000
0.529878 3606.264000
0.530717 3609.301000
0.532077 3612.024000
0.529848 3614.927000
0.524547 3617.865000
0.516531 3620.722000
0.505387 3623.644000
0.491326 3626.554000
0.476256 3629.502000
0.462687 3632.479000
0.455526 3635.306000
0.454029 3638.242000
0.456364 3641.318000
0.461313 3644.101000
0.469521 3647.027000
0.478797 3650.051000
0.481640 3653.000000
0.477187 3657.393000
0.470518 3660.281000
0.467566 3663.211000
0.469747 3666.088000
0.475060 3669.071000
0.480925 3672.017000
0.487408 3674.859000
0.497053 3677.811000
0.509818 3680.758000
0.524664 3683.695000
0.539717 3686.701000
0.553096 3689.619000
0.560349 3692.509000
0.561935 3695.521000
0.559668 3698.472000
0.554488 3701.354000
0.546202 3704.386000
0.535282 3707.251000
0.521195 3710.199000
0.505796 3713.242000
0.491291 3716.165000
0.476636 3719.056000
0.461802 3722.008000
0.445567 3725.227000
0.422862 3729.740000
0.409645 3732.363000
0.394764 3735.333000
0.379850 3738.300000
0.369397 3741.276000
0.364785 3744.313000
0.365475 3747.252000
0.369167 3750.175000
0.375978 3753.207000
0.385962 3756.259000
0.398485 3759.189000
0.412726 3762.043000
0.428734 3765.234000
0.442421 3767.967000
0.453017 3770.948000
0.457808 3774.094000
0.457034 3776.915000
0.459213 3779.884000
0.464416 3782.846000
0.470379 3785.830000
0.470359 3788.811000
0.466543 3791.926000
0.466429 3794.917000
0.467908 3797.865000
0.465702 3800.885000
0.462844 3803.820000
0.462868 3806.749000
0.461372 3809.850000
0.461334 3812.743000
0.461357 3815.715000
0.461376 3818.712000
0.461433 3821.721000
0.461407 3824.800000
0.461410 3827.691000
0.461336 3830.844000
0.461179 3833.808000
0.461239 3836.689000
0.461091 3840.185000
0.460776 3842.777000
0.459416 3845.683000
0.457141 3848.727000
0.457943 3851.770000
0.457948 3854.703000
0.457953 3857.836000
0.458088 3860.800000
0.458086 3863.737000
0.458094 3866.747000
0.457943 3869.771000
0.457970 3872.767000
0.457889 3875.780000
0.457766 3878.792000
0.457877 3881.818000
0.457837 3884.840000
0.459617 3887.836000
0.459611 3890.860000
0.461118 3893.875000
0.460988 3897.067000
0.462331 3900.007000
0.460181 3903.016000
0.460787 3905.988000
0.462315 3909.030000
0.459929 3912.273000
0.459230 3915.138000
0.455434 3918.184000
0.451122 3921.136000
0.450282 3924.151000
0.446631 3927.170000
0.446636 3930.206000
0.448076 3933.244000
0.445882 3936.302000
0.442834 3939.411000
0.442978 3942.349000
0.441398 3945.394000
0.441540 3948.443000
0.437703 3951.479000
0.436936 3953.113000
0.439131 3956.040000
0.438457 3959.193000
0.434762 3962.194000
0.430337 3965.199000
0.431104 3968.322000
0.429030 3971.293000
0.423754 3974.357000
0.422179 3977.397000
0.422159 3980.527000
0.418639 3983.547000
0.416392 3986.543000
0.415660 3989.604000
0.411994 3992.642000
0.405277 3995.708000
0.402302 3998.779000
0.404587 4001.917000
0.407529 4004.920000
0.405298 4007.982000
0.402290 4011.060000
0.404469 4014.097000
0.409639 4017.160000
0.417862 4020.241000
0.428995 4023.312000
0.443145 4026.373000
0.449833 4028.098000
0.458219 4032.523000
0.458256 4034.056000
0.455925 4037.166000
0.450826 4040.200000
0.442644 4043.298000
0.438042 4046.513000
0.438764 4049.450000
0.442974 4053.109000
0.446456 4055.575000
0.445637 4058.665000
0.444222 4061.753000
0.444048 4065.045000
0.444118 4068.084000
0.444104 4071.165000
0.444107 4074.362000
0.444006 4077.343000
0.444097 4080.432000
0.443998 4083.599000
0.444764 4085.063000
0.444731 4088.079000
0.444748 4091.135000
0.444679 4094.204000
0.443423 4097.320000
0.442611 4100.663000
0.442211 4103.514000
0.442031 4106.607000
0.441913 4109.932000
0.441747 4112.809000
0.441751 4115.914000
0.441676 4119.201000
0.441726 4122.126000
0.441814 4125.229000
0.441753 4128.333000
0.441742 4130.030000
0.441786 4133.002000
0.441714 4136.251000
0.441745 4139.222000
0.441740 4142.334000
0.441689 4145.595000
0.441698 4148.567000
0.441779 4151.680000
0.441723 4154.944000
0.441815 4157.914000
0.441775 4161.041000
0.441748 4164.251000
0.441733 4167.281000
0.441657 4170.415000
0.441768 4172.118000
0.441652 4175.267000
0.441753 4178.395000
0.441733 4181.344000
0.441663 4184.651000
0.441728 4187.794000
0.441657 4190.858000
0.441718 4193.874000
0.441775 4197.000000
0.441672 4200.282000
0.441784 4203.264000
0.441697 4206.411000
0.441692 4208.009000
0.441794 4211.103000
0.441682 4214.378000
0.441687 4217.394000
0.441672 4220.621000
0.441734 4223.773000
0.441744 4226.936000
0.441682 4230.074000
0.441738 4233.334000
0.441677 4236.368000
0.441763 4239.515000
0.441785 4242.554000
0.441694 4244.127000
0.441749 4247.274000
0.441708 4250.428000
0.441799 4253.574000
0.441667 4256.730000
0.441773 4260.043000
0.441713 4263.164000
0.441697 4266.205000
0.441708 4269.493000
0.441694 4271.013000
0.441748 4274.074000
0.441723 4277.238000
0.441778 4280.405000
0.441667 4283.606000
0.441758 4286.729000
0.441682 4289.892000
0.441718 4293.333000
0.441713 4296.362000
0.441678 4299.522000
0.441724 4301.134000
0.441692 4304.197000
0.441703 4307.421000
0.441794 4310.660000
0.441662 4313.822000
0.441733 4316.918000
0.441697 4320.141000
0.441743 4323.217000
0.441708 4326.566000
0.441662 4328.128000
0.441768 4331.262000
0.441785 4334.364000
0.441764 4337.663000
0.441692 4341.094000
0.445182 4343.984000
0.451963 4347.213000
0.459576 4350.538000
0.463120 4353.521000
0.466148 4355.114000
0.474008 4358.239000
0.485559 4361.529000
0.499836 4364.764000
0.512758 4367.823000
0.520917 4371.113000
0.522323 4374.583000
0.521594 4376.057000
0.517719 4379.271000
0.511372 4382.299000
0.501525 4385.569000
0.495596 4388.790000
0.495538 4391.912000
0.497056 4395.003000
0.494030 4398.949000
0.489895 4401.432000
0.485876 4403.168000
0.476674 4406.223000
0.464019 4409.442000
0.449922 4412.851000
0.442946 4415.867000
0.441326 4419.127000
0.443919 4422.749000
0.446042 4424.257000
0.452350 4427.236000
0.464699 4431.263000
0.468762 4433.629000
0.468642 4436.976000
0.470893 4440.085000
0.473628 4443.190000
0.475155 4447.068000
0.475633 4448.026000
0.479712 4451.502000
0.479723 4454.479000
0.477897 4457.804000
0.480574 4461.473000
0.482834 4464.233000
0.481961 4466.147000
0.484029 4469.039000
0.483640 4472.225000
0.486110 4475.695000
0.486793 4478.764000
0.490479 4481.938000
0.498489 4485.732000
0.502218 4487.150000
0.512584 4490.111000
0.520033 4493.446000
0.521513 4496.512000
0.519065 4500.018000
0.514332 4502.977000
0.505774 4506.355000
0.495116 4509.477000
0.487966 4511.204000
0.474294 4514.561000
0.467075 4517.584000
0.464998 4520.890000
0.467253 4524.135000
0.472541 4527.426000
0.476181 4529.061000
0.479145 4532.208000
0.476852 4535.647000
0.471735 4538.832000
0.470157 4541.991000
0.472363 4545.336000
0.477958 4548.756000
0.481706 4550.401000
0.484344 4553.469000
0.482229 4556.621000
0.476446 4560.245000
0.475094 4563.342000
0.477309 4566.572000
0.479923 4568.489000
0.480082 4571.326000
0.476194 4574.687000
0.476255 4577.918000
0.479884 4581.141000
0.480026 4584.536000
0.478625 4586.043000
0.475603 4589.317000
0.477852 4592.581000
0.480794 4595.830000
0.478556 4599.113000
0.479395 4602.460000
0.480876 4604.105000
0.486134 4607.400000
0.487920 4610.813000
0.485787 4613.925000
0.480642 4617.160000
0.479133 4620.606000
0.479825 4622.081000
0.483634 4625.439000
0.483613 4628.658000
0.481943 4631.949000
0.484187 4635.356000
0.484294 4637.007000
0.482087 4640.292000
0.482810 4643.621000
0.484302 4646.743000
0.482092 4650.037000
0.482789 4653.472000
0.484277 4655.147000
0.483483 4658.522000
0.482371 4661.700000
0.482119 4665.178000
0.480776 4668.219000
0.480524 4671.847000
0.479329 4673.275000
0.476342 4676.839000
0.478312 4679.706000
0.477554 4683.069000
0.473666 4686.548000
0.472997 4688.036000
0.472943 4691.372000
0.471532 4694.570000
0.471546 4697.881000
0.470085 4701.357000
0.470834 4703.050000
0.470879 4706.333000
0.470766 4709.743000
0.470777 4712.974000
0.470788 4716.191000
0.470766 4719.415000
0.470012 4721.072000
0.470119 4724.392000
0.470124 4727.708000
0.470094 4731.039000
0.470061 4734.354000
0.470909 4736.210000
0.470875 4739.490000
0.470878 4742.683000
0.471041 4746.214000
0.470939 4749.503000
0.470283 4751.180000
0.470318 4754.324000
0.470351 4757.656000
0.470195 4761.299000
0.466595 4764.426000
0.463655 4766.035000
0.455651 4769.313000
0.444561 4772.644000
0.430390 4775.984000
0.415461 4779.336000
0.407961 4781.027000
0.393078 4784.359000
0.382800 4787.667000
0.378356 4791.013000
0.379061 4794.360000
0.380525 4796.018000
0.385825 4799.388000
0.393995 4802.729000
0.402882 4806.058000
0.405849 4809.398000
0.404898 4811.392000
0.401494 4814.424000
0.401427 4817.745000
0.405209 4821.156000
0.412004 4824.532000
0.416612 4826.304000
0.425246 4829.504000
0.430374 4832.852000
0.438714 4836.250000
0.449684 4839.566000
0.457458 4841.554000
0.471285 4844.681000
0.481956 4848.062000
0.486177 4851.395000
0.486189 4853.113000
0.484069 4856.436000
0.478976 4859.808000
0.470718 4863.172000
0.466219 4866.581000
0.466134 4868.228000
0.468493 4871.604000
0.473748 4875.022000
0.479803 4878.422000
0.480391 4880.072000
0.478371 4883.334000
0.473066 4886.771000
0.467208 4890.136000
0.460692 4893.445000
0.455636 4895.372000
0.445227 4898.532000
0.433382 4901.965000
0.427430 4905.244000
0.426650 4907.180000
0.428791 4910.337000
0.433930 4913.708000
0.435293 4917.193000
0.433068 4920.490000
0.430933 4922.208000
0.424267 4925.553000
0.416731 4928.961000
0.415185 4932.528000
0.415974 4934.038000
0.419520 4937.415000
0.426360 4940.842000
0.435890 4944.209000
0.448594 4947.602000
0.456127 4949.340000
0.466891 4952.815000
0.471004 4956.205000
0.470205 4959.573000
0.468921 4961.286000
0.463647 4964.576000
0.455685 4967.991000
0.451056 4971.488000
0.451078 4973.184000
0.453156 4976.604000
0.458612 4980.011000
0.459988 4983.394000
0.459199 4985.011000
0.455086 4988.782000
0.455478 4991.806000
0.456894 4995.249000
0.456960 4998.667000
0.457707 5000.405000
0.457716 5003.773000
0.457770 5007.198000
0.457731 5010.702000
0.456953 5012.302000
0.457055 5016.214000
0.458903 5019.130000
0.458947 5021.031000
0.456705 5024.258000
0.457454 5027.943000
0.461081 5031.091000
0.467878 5034.607000
0.472126 5036.226000
0.481055 5039.674000
0.484031 5043.061000
0.483928 5046.605000
0.485491 5048.213000
0.490753 5051.747000
0.499228 5055.254000
0.509759 5058.505000
0.516919 5060.325000
0.525425 5063.628000
0.528573 5067.176000
0.525918 5071.030000
0.524439 5072.309000
0.517550 5075.797000
0.508192 5079.117000
0.495822 5082.536000
0.487501 5084.445000
0.473425 5087.708000
0.462828 5091.186000
0.458350 5094.589000
0.458476 5096.315000
0.460617 5099.749000
0.465978 5103.256000
0.467417 5106.651000
0.466496 5108.360000
0.462581 5112.050000
0.462592 5115.346000
0.460687 5118.720000
0.460454 5120.421000
0.462723 5123.919000
0.461898 5127.513000
0.460335 5129.292000
0.461008 5132.518000
0.458920 5136.081000
0.458070 5139.537000
0.456440 5141.349000
0.451464 5144.630000
0.450028 5148.143000
0.450147 5151.536000
0.448456 5153.376000
0.449092 5156.720000
0.449226 5160.332000
0.449275 5163.840000
0.448704 5165.562000
0.448672 5169.094000
0.448678 5172.500000
0.449237 5174.287000
0.449356 5177.742000
0.449389 5181.228000
0.449458 5184.655000
0.448707 5186.360000
0.449186 5189.795000
0.451488 5193.348000
0.452211 5196.744000
0.451645 5198.467000
0.453690 5201.861000
0.456761 5205.441000
0.455915 5207.064000
0.454376 5210.925000
0.456559 5214.018000
0.455843 5217.531000
0.454166 5219.274000
0.454973 5222.760000
0.456661 5226.229000
0.454443 5229.733000
0.454308 5231.494000
0.456557 5234.965000
0.455781 5238.454000
0.454226 5240.347000
0.455046 5243.687000
0.456725 5247.236000
0.454420 5250.671000
0.454155 5252.630000
0.456270 5255.916000
0.455598 5259.562000
0.454157 5261.311000
0.454799 5264.667000
0.456297 5268.162000
0.454117 5271.655000
0.454037 5273.416000
0.456661 5277.295000
0.455771 5280.557000
0.454438 5282.185000
0.455296 5285.664000
0.455109 5289.181000
0.456674 5292.854000
0.456005 5294.586000
0.454513 5297.956000
0.454520 5301.452000
0.455337 5303.253000
0.455207 5306.719000
0.455244 5310.244000
0.456689 5313.744000
0.455893 5315.508000
0.454628 5319.017000
0.456704 5322.568000
0.456749 5324.591000
0.454725 5327.806000
0.455306 5331.337000
0.454557 5333.366000
0.456490 5336.612000
0.455854 5340.137000
0.454356 5343.656000
0.455143 5345.532000
0.456475 5348.930000
0.454388 5352.536000
0.454086 5354.185000
0.456530 5357.770000
0.455797 5361.331000
0.456585 5363.139000
0.456540 5366.662000
0.456501 5370.225000
0.456563 5373.786000
0.455858 5375.576000
0.455759 5378.980000
0.455922 5382.464000
0.456546 5384.353000
0.458094 5387.844000
0.455903 5391.460000
0.455847 5393.228000
0.457973 5396.644000
0.457192 5400.200000
0.455723 5403.742000
0.456425 5405.673000
0.457998 5409.158000
0.457206 5411.045000
0.457116 5414.477000
0.457170 5417.942000
0.455877 5421.493000
0.456625 5423.385000
0.457983 5426.778000
0.457857 5430.484000
0.457108 5432.284000
0.456998 5435.680000
0.457078 5439.226000
0.457812 5441.001000
0.457776 5444.556000
0.457795 5448.109000
0.457773 5451.666000
0.456930 5453.446000
0.456728 5457.432000
0.456763 5460.718000
0.457432 5462.412000
0.457352 5465.918000
0.457300 5469.617000
0.456460 5471.420000
0.456571 5474.978000
0.456395 5478.582000
0.457260 5480.318000
0.457367 5483.921000
0.457259 5487.434000
0.456537 5489.243000
0.456534 5492.810000
0.456563 5496.378000
0.457291 5498.172000
0.457275 5501.749000
0.457294 5505.362000
0.456621 5507.108000
0.456660 5510.527000
0.456704 5514.273000
0.457443 5516.028000
0.457410 5519.643000
0.455379 5523.036000
0.455961 5526.616000
0.455227 5528.399000
0.453793 5531.988000
0.453733 5535.594000
0.454521 5537.349000
0.454501 5541.121000
0.454501 5544.708000
0.453783 5546.388000
0.453756 5550.111000
0.453636 5553.533000
0.454451 5555.333000
0.454531 5558.934000
0.454128 5562.519000
0.453600 5564.317000
0.453392 5568.539000
0.455254 5571.598000
0.457409 5573.283000
0.457363 5576.909000
0.456016 5580.490000
0.456791 5582.354000
0.460457 5585.891000
0.460368 5589.472000
0.458911 5591.265000
0.459873 5595.064000
0.461287 5598.493000
0.460612 5600.293000
0.456494 5604.136000
0.449975 5607.650000
0.445206 5609.620000
0.441178 5612.905000
0.441944 5616.610000
0.443514 5618.509000
0.446325 5622.070000
0.444358 5625.573000
0.442070 5627.377000
0.442223 5630.984000
0.443783 5634.715000
0.443004 5636.571000
0.442817 5640.224000
0.444906 5643.633000
0.444725 5645.474000
0.444989 5649.087000
0.446290 5652.714000
0.445576 5654.529000
0.443916 5658.151000
0.446148 5661.781000
0.446019 5663.588000
0.446272 5667.167000
0.447861 5669.124000
0.447029 5672.618000
0.445477 5676.441000
0.446235 5678.331000
0.449818 5681.771000
0.449798 5685.335000
0.448304 5687.186000
0.449194 5691.207000
0.449324 5694.485000
0.448599 5696.324000
0.448684 5699.962000
0.448734 5703.632000
0.449439 5705.379000
0.449422 5709.067000
0.449573 5712.656000
0.448730 5714.528000
0.448774 5718.112000
0.448755 5721.754000
0.449409 5723.581000
0.449506 5727.228000
0.448711 5729.162000
0.448733 5732.797000
0.448814 5736.460000
0.449313 5738.266000
0.449525 5741.928000
0.449488 5745.567000
0.448814 5747.390000
0.448747 5750.968000
0.448809 5754.597000
0.449535 5756.548000
0.449528 5760.065000
0.449423 5763.710000
0.448682 5765.641000
0.448712 5769.190000
0.449532 5771.024000
0.449432 5774.823000
0.449347 5778.369000
0.448601 5780.312000
0.448689 5783.829000
0.451043 5787.582000
0.451139 5789.312000
0.450962 5792.979000
0.450078 5795.290000
0.452121 5798.486000
0.455053 5802.153000
0.454320 5804.083000
0.452692 5807.829000
0.452817 5811.468000
0.453703 5813.164000
0.455513 5816.973000
0.455579 5820.700000
0.456839 5822.363000
0.456255 5826.219000
0.456134 5829.693000
0.457032 5831.601000
0.457027 5835.230000
0.456198 5837.270000
0.458274 5840.908000
0.459130 5844.430000
0.460617 5846.255000
0.465973 5850.047000
0.473897 5853.629000
0.476941 5855.530000
