0.500000 -96.666660
0.500000 -93.327670
0.500000 -93.126980
0.500000 -90.978220
0.500000 -87.784740
0.500000 -84.999620
0.444297 -81.872630
0.358156 -78.887060
0.430500 -75.924040
0.428762 -72.836690
0.392748 -69.825100
0.392234 -66.959990
0.392225 -63.820900
0.392225 -60.856910
0.392225 -57.816460
0.392225 -54.927590
0.392224 -51.775580
0.392224 -48.823390
0.392225 -45.777860
0.392226 -42.931820
0.392225 -39.777620
0.392224 -36.808820
0.392225 -33.932670
0.392225 -30.958310
0.392224 -27.894340
0.392224 -24.800120
0.392224 -21.940540
0.392225 -18.816770
0.392224 -15.845890
0.392226 -12.848800
0.392223 -9.911308
0.392226 -6.876015
0.392224 -3.746140
0.392225 -0.946121
0.392225 2.175339
0.392224 5.068588
0.392224 8.256943
0.392224 11.197560
0.392226 14.163810
0.392223 17.177250
0.392225 20.198630
0.392226 23.257810
0.392225 26.328000
0.392226 29.136610
0.392224 32.278270
0.392225 35.139600
0.392224 38.266170
0.392223 41.226560
0.392223 44.105670
0.393617 47.042630
0.424071 50.353070
0.427416 53.046490
0.437984 56.331340
0.451491 59.078690
0.452800 62.050050
0.452904 65.174270
0.452913 68.377490
0.452920 71.015780
0.452916 74.197690
0.452914 77.006710
0.452915 80.198260
0.452914 83.031330
0.452916 86.244670
0.452916 89.136760
0.452917 92.014310
0.452915 95.317170
0.452916 98.255110
0.452913 101.259400
0.452920 104.229600
0.452916 107.232900
0.452917 110.226000
0.452919 113.289900
0.464116 116.308500
0.468504 119.005200
0.469109 122.107000
0.469168 125.203400
0.454246 128.362200
0.412068 131.102100
0.407587 134.207500
0.428701 137.049500
0.426359 140.213600
0.398645 143.029600
0.401278 146.272500
0.419438 149.092500
0.416161 152.351500
0.387775 155.249000
0.399183 158.142500
0.422356 161.033400
0.434269 164.351500
0.448462 167.257400
0.456964 170.194700
0.453389 173.146600
0.412138 176.171400
0.360054 179.155900
0.308987 182.095400
0.289289 185.128100
0.286691 188.149400
0.286347 191.173600
0.286301 194.242000
0.286295 197.289800
0.286294 200.386900
0.286293 203.075800
0.286293 206.277900
0.286294 209.248000
0.286293 212.452100
0.286294 215.102200
0.286295 218.300600
0.286294 221.449100
0.286294 224.195100
0.286295 227.409500
0.286293 230.115500
0.286293 233.157700
0.286292 236.086500
0.286295 239.130300
0.313380 242.299300
0.362409 245.417400
0.406872 248.227400
0.454844 251.269300
0.501909 254.384000
0.515795 257.263600
0.518285 260.126500
0.518731 263.042500
0.518817 266.365900
0.518823 269.298200
0.508748 272.131100
0.473817 275.021900
0.471858 278.455200
0.503052 281.393900
0.533577 284.368800
0.524091 287.304400
0.504395 290.256600
0.511922 293.227000
0.534865 296.235900
0.521250 299.231200
0.505272 302.261500
0.524945 305.309600
0.566097 308.269300
0.578844 311.307300
0.557279 314.353600
0.514327 317.425100
0.475910 320.068300
0.432532 323.060900
0.389684 326.134200
0.380622 329.240200
0.404347 332.353700
0.449038 335.546900
0.475925 338.118500
0.478612 341.206400
0.453111 344.357200
0.415763 347.040900
0.376456 350.198800
0.378391 353.390400
0.409260 356.568800
0.441260 359.190200
0.445980 362.392000
0.425081 365.078800
0.403797 368.293500
0.414100 371.011700
0.434399 374.237100
0.420503 377.485600
0.394598 380.209100
0.393832 383.489200
0.416894 386.238400
0.423360 389.504000
0.410447 392.256800
0.410074 395.076300
0.435339 398.380300
0.469628 401.124500
0.482142 404.452200
0.470225 407.229100
0.439953 410.021200
0.395448 413.377100
0.359878 416.197100
0.348000 419.048000
0.366133 422.404100
0.400554 425.268700
0.437305 428.075900
0.449634 431.487100
0.432303 434.432100
0.400912 437.236900
0.392678 440.093500
0.416264 443.554100
0.448585 446.513900
0.450909 449.321000
0.432374 452.255100
0.426480 455.178200
0.443908 458.046700
0.484062 461.537700
0.493328 464.049000
0.477456 467.491600
0.462174 470.359200
0.471550 473.315700
0.500199 476.270600
0.513106 479.230500
0.501228 482.198500
0.499880 485.182400
0.518439 488.167800
0.530570 491.208600
0.533402 494.226000
0.534065 497.182200
0.532610 500.257900
0.514442 503.224700
0.481318 506.241600
0.468407 509.282300
0.465391 512.314500
0.464669 515.425200
0.464495 518.433500
0.464460 521.512600
0.464449 524.572000
0.464447 527.105000
0.464437 530.168000
0.464434 533.302700
0.464459 536.308400
0.464447 539.466500
0.464461 542.581700
0.464445 545.085800
0.464465 548.238900
0.464457 551.335000
0.464455 554.579500
0.464454 557.598600
0.464449 560.085000
0.464444 563.262000
0.464417 566.472700
0.464439 569.000200
0.464444 572.145900
0.464425 575.326700
0.464448 578.526200
0.464470 581.081200
0.464454 584.282900
0.464460 587.491600
0.457063 590.109400
0.430734 593.365200
0.415908 596.560800
0.412611 599.175800
0.412962 602.442100
0.430795 605.669200
0.441137 608.309800
0.444702 611.531600
0.445489 614.199300
0.445765 617.456500
0.445807 620.048100
0.445839 623.332300
0.445852 626.659900
0.445862 629.284100
0.444362 632.651200
0.431342 635.219900
0.398046 638.606000
0.377962 641.213800
0.370754 644.553000
0.369220 647.223400
0.370568 650.816000
0.382721 653.253600
0.409503 656.149100
0.430024 659.326400
0.435013 662.113200
0.436652 665.412500
0.437004 668.109400
0.437158 671.507900
0.437197 674.298200
0.437175 677.647200
0.437175 680.359300
0.437184 683.093400
0.437207 686.518200
0.437173 689.263800
0.437186 692.075600
0.437190 695.513900
0.437175 698.280700
0.437173 701.674700
0.437206 704.444000
0.437185 707.283800
0.437171 710.043300
0.437196 713.483900
0.437182 716.273700
0.437183 719.069400
0.437183 722.571700
0.437179 725.373700
0.437186 728.180400
0.437170 731.697300
0.437176 734.560500
0.437186 737.338000
0.437175 740.224600
0.437186 743.014900
0.441607 746.578500
0.452967 749.367100
0.457356 752.229100
0.458733 755.137500
0.459162 758.062400
0.459317 761.527700
0.459343 764.392100
0.459336 767.250500
0.459357 770.138500
0.459364 773.064000
0.459353 776.613600
0.459322 779.502000
0.459327 782.409300
0.459359 785.298700
0.459349 788.259000
0.459373 791.164200
0.459349 794.027200
0.459349 797.675800
0.459358 800.651700
0.459369 803.530500
0.459364 806.507600
0.459362 809.438300
0.459360 812.377600
0.459353 815.278300
0.459364 818.227900
0.459360 821.186200
0.459356 824.207200
0.459342 827.109500
0.459361 830.077300
0.459373 833.132600
0.459360 836.070100
0.459329 839.038000
0.459361 842.769000
0.459362 845.085600
0.459364 848.049000
0.459327 851.731300
0.459374 854.033600
0.459358 857.071100
0.459340 860.058100
0.459344 863.092500
0.459351 866.051100
0.459345 869.082000
0.459347 872.216000
0.459363 875.236700
0.459372 878.189500
0.459355 881.235800
0.459350 884.282500
0.459340 887.365800
0.459364 890.019000
0.459333 893.466100
0.459351 896.416700
0.459373 899.659400
0.459353 902.663900
0.459371 905.159900
0.457914 908.277700
0.445101 911.177200
0.422424 914.223700
0.411993 917.334000
0.408716 920.443300
0.411389 923.642400
0.426221 926.644200
0.441742 929.762900
0.445894 932.101400
0.447977 935.216700
0.447347 938.327800
0.434432 941.473500
0.409748 944.600800
0.394773 947.738400
0.390755 950.106400
0.388735 953.254800
0.394499 956.455300
0.411153 959.647600
0.418693 962.791000
0.420693 965.102800
0.421735 968.275600
0.422052 971.441400
0.422161 974.626300
0.422195 977.009000
0.422180 980.197600
0.422197 983.381800
0.429594 986.579500
0.438549 989.028900
0.442825 992.199200
0.444180 995.457900
0.434808 998.603400
0.419374 1001.076000
0.396800 1004.226000
0.388354 1007.517000
0.390858 1010.682000
0.401857 1013.218000
0.410173 1016.360000
0.413004 1019.684000
0.413726 1022.037000
0.414090 1025.355000
0.414207 1028.607000
0.414237 1031.064000
0.414263 1034.308000
0.414264 1037.516000
0.414270 1040.036000
0.414262 1043.249000
0.414273 1046.525000
0.415053 1049.065000
0.425177 1052.280000
0.437609 1055.569000
0.440860 1058.037000
0.442512 1061.327000
0.442998 1064.654000
0.443148 1067.121000
0.443218 1070.431000
0.443267 1073.751000
0.443242 1076.240000
0.443252 1079.564000
0.443265 1082.064000
0.443252 1085.388000
0.443270 1088.770000
0.443249 1091.266000
0.443252 1094.584000
0.443258 1097.092000
0.443235 1100.504000
0.443255 1103.016000
0.443252 1106.410000
0.443277 1109.766000
0.443245 1112.287000
0.443249 1115.670000
0.443258 1118.200000
0.443246 1121.584000
0.443258 1124.047000
0.450601 1127.453000
0.463911 1130.058000
0.491348 1133.441000
0.509273 1136.056000
0.512830 1139.323000
0.502592 1142.782000
0.486970 1145.335000
0.457552 1148.799000
0.435519 1151.339000
0.410822 1154.719000
0.407256 1157.366000
0.416211 1160.776000
0.430226 1163.282000
0.459067 1166.786000
0.481067 1169.340000
0.511072 1172.816000
0.528300 1175.468000
0.531430 1178.010000
0.522645 1181.409000
0.508421 1184.001000
0.481762 1187.520000
0.471716 1190.286000
0.475221 1193.565000
0.485960 1196.176000
0.510650 1199.655000
0.523865 1202.356000
0.530171 1205.808000
0.531773 1208.423000
0.532515 1211.062000
0.532853 1214.524000
0.532949 1217.153000
0.522792 1220.656000
0.507307 1223.285000
0.477996 1226.853000
0.460710 1229.509000
0.453538 1232.082000
0.455030 1235.693000
0.464299 1238.283000
0.484916 1241.818000
0.492907 1244.477000
0.496248 1247.150000
0.497996 1250.782000
0.494346 1253.624000
0.484359 1256.084000
0.459873 1259.627000
0.437890 1262.263000
0.416453 1265.046000
0.405391 1268.528000
0.407725 1271.187000
0.423488 1274.854000
0.442216 1277.468000
0.455003 1280.226000
0.461051 1283.756000
0.462720 1286.450000
0.463412 1289.203000
0.463797 1292.866000
0.463860 1295.464000
0.463910 1298.170000
0.463928 1301.889000
0.463905 1304.524000
0.463951 1307.228000
0.463969 1310.855000
0.463961 1313.126000
0.463971 1316.383000
0.463947 1319.026000
0.463937 1322.728000
0.463965 1325.387000
0.463951 1328.264000
0.463956 1331.782000
0.463932 1334.605000
0.463956 1337.282000
0.463978 1340.095000
0.463980 1343.738000
0.463947 1346.515000
0.463963 1349.288000
0.463933 1352.042000
0.463929 1355.651000
0.463925 1358.430000
0.463957 1361.231000
0.463964 1364.868000
0.463961 1367.712000
0.463939 1370.442000
0.463939 1373.193000
0.463960 1376.035000
0.454000 1379.670000
0.438541 1382.450000
0.416782 1385.259000
0.399397 1388.038000
0.393369 1391.760000
0.399981 1394.653000
0.412408 1397.351000
0.426230 1400.253000
0.431916 1403.028000
0.434735 1406.801000
0.435500 1409.612000
0.435815 1412.424000
0.435953 1415.248000
0.436000 1418.063000
0.436065 1421.822000
0.436046 1424.581000
0.436037 1427.400000
0.436047 1430.310000
0.436064 1433.138000
0.436035 1436.923000
0.436036 1439.694000
0.435996 1442.603000
0.436060 1445.365000
0.436052 1448.288000
0.436040 1451.060000
0.436925 1455.020000
0.443272 1457.706000
0.456956 1460.640000
0.466153 1463.624000
0.469652 1466.298000
0.471302 1469.236000
0.472019 1472.055000
0.472259 1475.008000
0.472390 1478.732000
0.472444 1481.682000
0.472444 1484.568000
0.472476 1487.439000
0.472467 1490.249000
0.472480 1493.135000
0.472461 1496.024000
0.472516 1499.885000
0.472472 1502.872000
0.472483 1505.755000
0.472432 1508.737000
0.472476 1511.519000
0.472489 1514.472000
0.472454 1517.339000
0.472464 1520.199000
0.472510 1523.236000
0.472483 1526.004000
0.472475 1529.926000
0.472450 1532.917000
0.472476 1535.773000
0.472532 1538.713000
0.472486 1541.619000
0.472466 1544.624000
0.472532 1547.497000
0.472473 1550.421000
0.472491 1553.362000
0.472480 1556.311000
0.472480 1559.253000
0.472463 1562.266000
0.468810 1565.228000
0.457790 1568.104000
0.439668 1571.097000
0.428278 1574.032000
0.423365 1577.002000
0.421246 1580.024000
0.420282 1583.875000
0.419970 1586.842000
0.419895 1589.964000
0.419793 1592.800000
0.419812 1595.761000
0.419762 1599.148000
0.419826 1601.860000
0.419775 1604.703000
0.419773 1607.689000
0.419828 1610.677000
0.419762 1613.670000
0.419805 1616.744000
0.419801 1619.748000
0.419803 1622.655000
0.419777 1625.658000
0.419762 1628.660000
0.426446 1631.677000
0.437879 1634.659000
0.443780 1637.714000
0.446237 1640.794000
0.447232 1643.732000
0.452349 1646.721000
0.464262 1649.743000
0.472914 1652.968000
0.476079 1655.807000
0.477522 1658.838000
0.478156 1661.877000
0.478429 1664.902000
0.478525 1667.024000
0.478587 1670.995000
0.478592 1673.006000
0.478611 1676.165000
0.478573 1679.194000
0.478661 1682.214000
0.478594 1685.269000
0.478572 1688.265000
0.478566 1691.318000
0.479387 1694.427000
0.485853 1697.418000
0.499516 1700.547000
0.508318 1703.575000
0.512191 1706.625000
0.513769 1709.701000
0.507997 1712.882000
0.496042 1715.864000
0.477360 1718.920000
0.465157 1722.012000
0.461229 1724.064000
0.458264 1727.221000
0.457074 1730.239000
0.462725 1733.313000
0.476257 1736.631000
0.488171 1739.503000
0.492914 1742.661000
0.487251 1745.708000
0.474811 1748.814000
0.461769 1751.917000
0.457559 1754.007000
0.460257 1757.170000
0.470562 1760.272000
0.477574 1763.333000
0.480628 1766.469000
0.481937 1769.584000
0.482488 1772.723000
0.482728 1775.920000
0.482857 1778.972000
0.482842 1781.128000
0.479284 1784.173000
0.468122 1787.322000
0.456062 1790.470000
0.450975 1793.618000
0.448819 1796.755000
0.447952 1799.886000
0.447635 1802.063000
0.450993 1805.171000
0.461853 1808.312000
0.474147 1811.467000
0.479099 1814.601000
0.481219 1817.760000
0.482105 1820.923000
0.482369 1823.034000
0.482575 1826.201000
0.482670 1829.583000
0.482704 1832.688000
0.482748 1835.799000
0.482746 1839.011000
0.482735 1841.097000
0.482743 1844.195000
0.482738 1847.387000
0.482730 1850.652000
0.482670 1853.839000
0.482752 1857.027000
0.482733 1859.076000
0.482747 1862.272000
0.482766 1865.470000
0.482763 1868.763000
0.482704 1871.887000
0.482726 1874.014000
0.482675 1877.218000
0.482726 1880.428000
0.482756 1883.643000
0.482744 1886.859000
0.482759 1889.009000
0.482720 1892.221000
0.482730 1895.444000
0.482756 1898.671000
0.482739 1901.898000
0.482729 1904.155000
0.482773 1907.401000
0.482752 1910.599000
0.482718 1913.866000
0.482689 1917.086000
0.482729 1919.234000
0.482761 1922.484000
0.482753 1925.722000
0.482724 1928.890000
0.482727 1931.070000
0.482769 1934.313000
0.482689 1937.569000
0.482749 1940.857000
0.482772 1943.004000
0.482778 1946.264000
0.482675 1949.533000
0.482684 1952.886000
0.482779 1955.021000
0.482712 1958.247000
0.482727 1961.521000
0.482792 1964.800000
0.482739 1968.080000
0.482674 1970.359000
0.482736 1973.559000
0.482733 1976.939000
0.482758 1979.126000
0.482662 1982.417000
0.482733 1985.694000
0.482752 1988.921000
0.482684 1991.117000
0.482742 1994.406000
0.479131 1997.749000
0.467809 2001.091000
0.457167 2003.206000
0.437322 2006.523000
0.427694 2009.835000
0.424558 2012.057000
0.422179 2015.491000
0.421226 2018.805000
0.420836 2022.041000
0.420717 2024.209000
0.420592 2027.542000
0.419701 2031.142000
0.416236 2033.163000
0.404897 2036.519000
0.397271 2039.789000
0.394674 2042.129000
0.392941 2045.309000
0.392115 2048.673000
0.398337 2052.066000
0.406355 2054.329000
0.417855 2057.548000
0.422907 2060.946000
0.424431 2063.162000
0.425673 2066.538000
0.426120 2069.955000
0.426299 2072.141000
0.426403 2075.478000
0.424658 2079.077000
0.420075 2081.066000
0.406737 2084.439000
0.397415 2087.845000
0.394505 2090.159000
0.393835 2093.644000
0.400461 2096.882000
0.408970 2099.183000
0.429048 2102.891000
0.447185 2105.952000
0.454097 2108.106000
0.459551 2111.497000
0.461936 2114.976000
0.462610 2117.149000
0.463181 2120.545000
0.463410 2124.037000
0.463494 2126.204000
0.463555 2129.646000
0.463555 2133.072000
0.463535 2135.384000
0.463551 2138.707000
0.463587 2141.045000
0.463599 2144.388000
0.463612 2147.877000
0.463555 2150.104000
0.463589 2153.622000
0.463592 2157.039000
0.463649 2159.322000
0.463575 2162.729000
0.463595 2166.100000
0.463581 2168.373000
0.463609 2171.793000
0.463552 2174.186000
0.463575 2177.918000
0.463609 2180.095000
0.463587 2183.266000
0.463561 2186.705000
0.463541 2189.095000
0.463592 2192.561000
0.463572 2196.060000
0.463598 2198.301000
0.463600 2201.749000
0.463601 2204.043000
0.463566 2207.434000
0.463556 2210.893000
0.463592 2213.372000
0.463567 2216.664000
0.463530 2220.134000
0.463578 2222.509000
0.463575 2225.988000
0.463589 2228.237000
0.463584 2231.715000
0.463524 2234.035000
0.463581 2237.620000
0.461677 2240.270000
0.453708 2243.323000
0.437682 2246.895000
0.424127 2249.137000
0.410443 2252.876000
0.406600 2255.063000
0.403571 2258.484000
0.402224 2262.088000
0.401814 2264.452000
0.401550 2267.920000
0.401419 2270.172000
0.403199 2273.917000
0.411662 2277.204000
0.421143 2279.513000
0.441176 2283.034000
0.456046 2285.381000
0.468928 2288.907000
0.473075 2291.279000
0.476115 2294.771000
0.473946 2297.102000
0.464902 2300.710000
0.455195 2303.079000
0.446272 2306.601000
0.443216 2309.075000
0.441192 2312.430000
0.440243 2316.090000
0.440011 2318.323000
0.435148 2321.952000
0.427954 2324.356000
0.417617 2327.770000
0.414241 2330.143000
0.414624 2333.789000
0.418938 2336.069000
0.431388 2339.695000
0.443235 2342.039000
0.465076 2345.587000
0.485311 2349.114000
0.492718 2351.501000
0.498149 2355.069000
0.499934 2357.448000
0.501190 2361.179000
0.501695 2363.509000
0.502048 2367.103000
0.502070 2369.448000
0.502231 2372.948000
0.502254 2375.349000
0.502239 2379.015000
0.500532 2381.519000
0.491908 2384.969000
0.482560 2387.279000
0.462223 2390.916000
0.452559 2393.299000
0.445055 2396.965000
0.442751 2399.351000
0.441111 2402.896000
0.440507 2405.498000
0.446233 2408.919000
0.454158 2411.390000
0.465435 2414.939000
0.469229 2417.413000
0.471936 2420.952000
0.472817 2423.423000
0.470114 2426.967000
0.464027 2429.374000
0.451220 2433.006000
0.446310 2435.422000
0.442698 2439.038000
0.441536 2441.462000
0.440725 2445.093000
0.443940 2447.502000
0.455369 2451.395000
0.460235 2453.611000
0.463357 2456.021000
0.465803 2459.677000
0.466551 2462.167000
0.463581 2465.796000
0.457407 2468.205000
0.444852 2471.795000
0.439999 2474.221000
0.436346 2477.906000
0.435163 2480.344000
0.434258 2483.996000
0.433994 2486.436000
0.437359 2490.088000
0.443851 2492.522000
0.454188 2496.321000
0.457349 2498.756000
0.459150 2501.200000
0.460482 2504.871000
0.460811 2507.294000
0.457621 2510.954000
0.451046 2513.440000
0.441208 2517.032000
0.438076 2519.487000
0.436299 2522.022000
0.436499 2525.746000
0.440491 2528.099000
0.450867 2531.785000
0.454951 2534.305000
0.457812 2537.972000
0.458746 2540.417000
0.459614 2544.122000
0.458050 2546.784000
0.453660 2549.038000
0.439955 2552.908000
0.430335 2555.201000
0.422740 2558.918000
0.420299 2561.425000
0.418578 2565.167000
0.418013 2567.610000
0.417752 2570.082000
0.419117 2574.039000
0.423710 2576.257000
0.435079 2579.987000
0.439419 2582.503000
0.442646 2586.278000
0.443677 2588.712000
0.444275 2591.200000
0.442844 2594.029000
0.435093 2597.416000
0.421968 2601.158000
0.416768 2603.772000
0.414148 2606.160000
0.412132 2609.906000
0.411399 2612.404000
0.410959 2616.163000
0.410714 2618.652000
0.410723 2621.220000
0.410627 2624.923000
0.410574 2627.416000
0.410534 2631.178000
0.412110 2633.801000
0.416900 2636.192000
0.430255 2639.956000
0.442902 2642.474000
0.458021 2645.028000
0.470731 2648.759000
0.475052 2651.343000
0.476547 2655.486000
0.473857 2657.562000
0.467660 2660.081000
0.452937 2663.858000
0.439341 2666.376000
0.416719 2670.230000
0.402207 2672.692000
0.392439 2675.211000
0.387439 2679.006000
0.391142 2681.718000
0.397122 2684.097000
0.412108 2687.889000
0.425860 2690.415000
0.447967 2694.197000
0.462995 2696.753000
0.478022 2699.297000
0.490717 2703.099000
0.494845 2705.651000
0.497363 2708.431000
0.498969 2712.004000
0.497707 2714.927000
0.493962 2717.073000
0.481455 2720.883000
0.471543 2723.463000
0.464232 2727.285000
0.461817 2729.838000
0.460547 2732.388000
0.465379 2736.190000
0.472580 2738.773000
0.482573 2741.329000
0.497022 2745.266000
0.501282 2747.719000
0.500780 2750.368000
0.493466 2754.103000
0.484599 2756.698000
0.478380 2759.257000
0.473703 2763.169000
0.472213 2765.667000
0.471460 2768.237000
0.470699 2772.099000
0.470504 2774.669000
0.470455 2777.239000
0.470354 2781.104000
0.470343 2783.685000
0.470314 2786.246000
0.470279 2790.132000
0.470319 2792.691000
0.470267 2795.285000
0.470261 2799.148000
0.470298 2801.728000
0.470248 2804.359000
0.470280 2808.240000
0.470256 2810.779000
0.470300 2813.375000
0.470335 2816.023000
0.470279 2819.855000
0.470367 2822.434000
0.470282 2825.036000
0.470329 2828.918000
0.470274 2831.680000
0.470364 2834.134000
0.470335 2838.018000
0.470242 2840.608000
0.470248 2843.220000
0.470346 2847.124000
0.470326 2849.829000
0.470303 2852.326000
0.470309 2855.013000
0.470276 2858.917000
0.470276 2861.581000
0.470297 2864.178000
0.470242 2868.160000
0.470268 2870.596000
0.470318 2873.367000
0.470326 2877.252000
0.470315 2879.883000
0.470279 2882.498000
0.470312 2885.090000
0.470306 2888.899000
0.470309 2891.624000
0.470288 2894.157000
0.470306 2898.099000
0.470323 2900.720000
0.470344 2904.207000
0.470343 2907.260000
0.470356 2909.899000
0.470349 2912.523000
0.470306 2915.157000
0.470288 2919.134000
0.470367 2921.860000
0.470311 2924.406000
0.470248 2927.052000
0.470344 2931.006000
0.470338 2933.696000
0.470312 2936.407000
0.470279 2940.243000
0.470250 2942.996000
0.470315 2945.604000
0.470326 2948.204000
0.474205 2952.215000
0.480553 2954.781000
0.490396 2957.459000
0.502862 2960.103000
0.525422 2964.117000
0.538182 2966.712000
0.545936 2969.501000
0.550141 2972.257000
0.550096 2976.059000
0.546133 2978.684000
0.538964 2981.427000
0.528775 2984.131000
0.511133 2988.012000
0.504229 2990.781000
0.500550 2993.341000
0.498438 2996.007000
0.496807 3000.153000
0.496196 3002.788000
0.495992 3005.461000
0.494939 3008.181000
0.488296 3012.081000
0.480117 3014.689000
0.470595 3017.354000
0.465231 3020.063000
0.461382 3024.083000
0.460047 3026.873000
0.459395 3029.546000
0.458985 3032.252000
0.458675 3035.035000
0.458590 3038.955000
0.458536 3041.537000
0.458521 3044.219000
0.458483 3048.240000
0.458480 3050.939000
0.458474 3053.735000
0.458489 3056.341000
0.458443 3059.006000
0.458491 3063.049000
0.458519 3065.878000
0.458480 3068.562000
0.458381 3071.147000
0.458471 3075.330000
0.458458 3077.912000
0.458486 3080.713000
0.458452 3083.461000
0.459841 3086.086000
0.465697 3089.056000
