0.500000 -96.666660
0.500000 -93.327670
0.500000 -93.126980
0.500000 -90.989390
0.500000 -87.851910
0.500000 -84.824630
0.500000 -81.936360
0.500000 -78.768050
0.500000 -75.920490
0.500000 -72.818400
0.500000 -69.847550
0.500000 -66.855450
0.500000 -63.840290
0.500001 -60.829240
0.500001 -57.922390
0.500000 -54.841530
0.500000 -51.788780
0.500000 -48.849040
0.500000 -45.891410
0.500001 -42.889120
0.499999 -39.841630
0.500000 -36.980400
0.500001 -33.851270
0.499999 -30.820780
0.500000 -27.893460
0.500001 -24.861210
0.499999 -21.814490
0.500001 -18.975600
0.499999 -15.805980
0.500002 -12.890890
0.499999 -9.862511
0.500001 -6.984932
0.500001 -3.818314
0.500002 -0.914436
0.499998 2.294472
0.500000 5.130974
0.500000 8.003418
0.499999 11.006610
0.499997 14.142010
0.500000 17.133060
0.500001 20.165070
0.500000 23.072050
0.500001 26.092680
0.499997 29.143310
0.499999 32.199220
0.499999 35.298160
0.526658 38.113530
0.570683 41.265580
0.561156 44.133010
0.548093 47.097020
0.482219 50.246720
0.415224 53.183400
0.348445 56.133450
0.329449 59.134090
0.380707 62.138530
0.443583 65.172740
0.445200 68.208310
0.447331 71.324300
0.447379 74.015850
0.445162 77.130040
0.445163 80.295390
0.445160 83.104420
0.445164 86.287670
0.445161 89.135960
0.445166 92.063060
0.445164 95.219940
0.445162 98.153200
0.445165 101.049500
0.445159 104.001900
0.456472 107.343000
0.507585 110.264100
0.567185 113.263900
0.604745 116.429000
0.578512 119.303400
0.541607 122.052900
0.542195 125.054100
0.510974 128.119900
0.519173 131.278400
0.508281 134.394900
0.502752 137.085000
0.484352 140.233800
0.487370 143.045900
0.478277 146.198200
0.477247 149.003900
0.477098 152.228100
0.477085 155.099100
0.477085 158.377700
0.477081 161.218400
0.477089 164.057000
0.477087 167.358300
0.477082 170.296200
0.477085 173.230500
0.477086 176.158100
0.477085 179.093500
0.477084 182.031700
0.477088 185.005500
0.477085 188.045600
0.477089 191.048800
0.477082 194.056500
0.466050 197.055800
0.421736 200.096600
0.367649 203.276200
0.356623 206.237400
0.387736 209.336800
0.409162 212.533000
0.424461 215.093800
0.455201 218.242700
0.441113 221.396000
0.456711 224.093200
0.455728 227.350300
0.458448 230.411400
0.458435 233.224400
0.458446 236.362200
0.458432 239.114400
0.469181 242.363400
0.506622 245.155600
0.558924 248.430800
0.572845 251.192200
0.552593 254.028100
0.551231 257.326500
0.538019 260.131900
0.534911 263.488200
0.538688 266.323300
0.530361 269.190300
0.528613 272.092200
0.527446 275.493500
0.507382 278.373500
0.473972 281.280500
0.479875 284.199400
0.482482 287.106100
0.482243 290.047200
0.492323 293.022700
0.493973 296.502000
0.494056 299.455500
0.487249 302.414600
0.462617 305.436700
0.453771 308.432500
0.456544 311.442200
0.458628 314.490600
0.458978 317.022900
0.459062 320.025300
0.459083 323.090800
0.459074 326.136100
0.459082 329.218300
0.459080 332.302300
0.459088 335.396500
0.459081 338.542600
0.459083 341.110400
0.459075 344.290700
0.459080 347.420600
0.459076 350.496400
0.459078 353.157400
0.459078 356.310300
0.459079 359.486900
0.459085 362.152000
0.459088 365.329900
0.459086 368.000000
0.459083 371.173000
0.459094 374.399100
0.459092 377.228400
0.459084 380.371900
0.459083 383.108600
0.459072 386.284000
0.459084 389.152100
0.459093 392.336000
0.459094 395.021000
0.459074 398.305200
0.459088 401.091200
0.459081 404.418300
0.459081 407.247600
0.459081 410.603900
0.459081 413.289000
0.459076 416.056400
0.444119 419.437900
0.411698 422.215700
0.373393 425.114800
0.334024 428.410000
0.331741 431.292100
0.350320 434.104600
0.392479 437.496100
0.414772 440.349100
0.413348 443.203900
0.428432 446.100400
0.437925 449.571800
0.432115 452.395400
0.440445 455.289600
0.441025 458.268200
0.439750 461.142600
0.439740 464.060200
0.439739 467.554700
0.439739 470.485900
0.439739 473.396100
0.439742 476.372600
0.439749 479.308800
0.439747 482.255300
0.439740 485.217500
0.439736 488.132400
0.439737 491.107700
0.439742 494.095500
0.439745 497.116600
0.439735 500.080100
0.439739 503.133200
0.439750 506.096600
0.439735 509.108900
0.439739 512.188000
0.439740 515.166800
0.439742 518.250500
0.439739 521.254300
0.439744 524.305200
0.439744 527.421600
0.439742 530.436300
0.439733 533.510900
0.439744 536.016800
0.439737 539.106400
0.439739 542.159000
0.439747 545.279800
0.439731 548.375900
0.439743 551.489200
0.439739 554.606100
0.439727 557.111300
0.441953 560.236500
0.460899 563.446800
0.495192 566.538900
0.510450 569.121100
0.503074 572.233800
0.479433 575.395300
0.476765 578.606600
0.483601 581.145500
0.474646 584.308000
0.479897 587.536200
0.474805 590.067600
0.479244 593.275700
0.477004 596.493300
0.477970 599.117000
0.459334 602.333200
0.435507 605.574000
0.439185 608.167500
0.441475 611.421200
0.435400 614.636700
0.439192 617.307000
0.436784 620.561500
0.443789 623.164300
0.439642 626.582800
0.432177 629.102200
0.406296 632.397600
0.381366 635.022100
0.378888 638.286800
0.397397 641.604600
0.403158 644.435500
0.395024 647.623800
0.402589 650.307100
0.406938 653.623600
0.406510 656.415100
0.424420 659.621600
0.453170 662.423800
0.477306 665.002900
0.479537 668.382400
0.468323 671.083700
0.472898 674.608600
0.465837 677.163900
0.438506 680.712000
0.427459 683.365400
0.434785 686.058000
0.447273 689.499100
0.442026 692.185500
0.440314 695.670800
0.439970 698.356000
0.439846 701.103400
0.439803 704.549400
0.439788 707.358900
0.439778 710.084400
0.439793 713.567800
0.439793 716.317300
0.446351 719.086500
0.472367 722.578200
0.494224 725.413700
0.493061 728.351300
0.480074 731.021900
0.479510 734.534100
0.483383 737.290200
0.472919 740.156300
0.474409 743.632700
0.472858 746.487400
0.472302 749.363500
0.470090 752.117100
0.470843 755.678300
0.470923 758.579700
0.470959 761.428400
0.470978 764.284300
0.472387 767.114600
0.471668 770.669100
0.471610 773.531900
0.471630 776.412400
0.471657 779.301300
0.471547 782.168500
0.471685 785.103500
0.471630 788.003500
0.470936 791.557700
0.471032 794.459800
0.471028 797.427700
0.470847 800.332500
0.470153 803.192300
0.470888 806.114100
0.469570 809.076400
0.473026 812.146600
0.475217 815.624700
0.478227 818.577900
0.477676 821.526100
0.478425 824.461300
0.478326 827.467300
0.473207 830.414400
0.467049 833.369900
0.459673 836.506400
0.457598 839.286400
0.456878 842.273300
0.453260 845.266100
0.452484 848.222600
0.445789 851.193000
0.444877 854.388500
0.433974 857.178800
0.437624 860.186100
0.433960 863.192500
0.436464 866.199200
0.438765 869.269800
0.439464 872.237400
0.439712 875.267400
0.439787 878.300700
0.439807 881.337100
0.439817 884.430800
0.439820 887.459700
0.440653 890.572400
0.451084 893.557300
0.460230 896.568800
0.449859 899.628200
0.434124 902.734300
0.435695 905.036900
0.442394 908.108800
0.431613 911.262800
0.431004 914.297200
0.437552 917.330500
0.429405 920.450200
0.431666 923.509400
0.427823 926.608400
0.427900 929.770100
0.432695 932.212200
0.446371 935.168600
0.444682 938.281600
0.446187 941.405000
0.440189 944.537500
0.426805 947.671500
0.409021 950.017800
0.388175 953.164100
0.388864 956.349400
0.399808 959.462900
0.396119 962.602700
0.397618 965.765600
0.396870 968.135700
0.400662 971.295200
0.403665 974.509800
0.405382 977.700000
0.407596 980.027600
0.409822 983.215700
0.412145 986.399400
0.412867 989.587800
0.415150 992.027300
0.418070 995.223500
0.421693 998.418500
0.420920 1001.597000
0.425883 1004.004000
0.424263 1007.228000
0.427984 1010.519000
0.430193 1013.727000
0.432268 1016.115000
0.431355 1019.332000
0.431227 1022.583000
0.429717 1025.007000
0.416350 1028.252000
0.404446 1031.532000
0.409596 1034.811000
0.405194 1037.199000
0.399387 1040.465000
0.390395 1043.751000
0.388123 1046.192000
0.386532 1049.475000
0.394125 1052.816000
0.407241 1055.220000
0.434730 1058.503000
0.464857 1061.842000
0.477915 1064.266000
0.477196 1067.580000
0.475011 1070.033000
0.476473 1073.358000
0.473529 1076.669000
0.466674 1079.198000
0.467452 1082.465000
0.469788 1085.025000
0.466109 1088.308000
0.469784 1091.680000
0.469168 1094.224000
0.472857 1097.487000
0.472102 1100.017000
0.471417 1103.415000
0.473575 1106.784000
0.471386 1109.219000
0.472927 1112.578000
0.472327 1115.393000
0.473256 1118.546000
0.474778 1121.035000
0.479134 1124.372000
0.479956 1127.013000
0.487940 1130.293000
0.485647 1133.678000
0.486360 1136.239000
0.485679 1139.631000
0.478878 1142.226000
0.474433 1145.618000
0.463168 1148.209000
0.438290 1151.564000
0.415945 1154.128000
0.386277 1157.545000
0.372541 1160.186000
0.373582 1163.689000
0.382178 1166.175000
0.404654 1169.631000
0.426362 1172.142000
0.456468 1175.632000
0.478805 1178.221000
0.493426 1181.630000
0.491253 1184.222000
0.477901 1187.681000
0.473345 1190.308000
0.481030 1193.836000
0.481588 1196.413000
0.473537 1199.855000
0.475666 1202.454000
0.484590 1205.068000
0.506981 1208.583000
0.529233 1211.194000
0.554393 1214.674000
0.558937 1217.314000
0.554308 1220.009000
0.538085 1223.490000
0.517879 1226.136000
0.503110 1229.645000
0.494139 1232.295000
0.478855 1235.748000
0.480164 1238.412000
0.486791 1241.047000
0.482226 1244.670000
0.483615 1247.251000
0.482772 1250.871000
0.483641 1253.523000
0.482738 1256.196000
0.482445 1259.020000
0.475678 1262.333000
0.468600 1265.090000
0.458408 1268.569000
0.455502 1271.297000
0.458911 1274.831000
0.458380 1277.694000
0.456247 1280.272000
0.457669 1283.781000
0.454152 1286.474000
0.452701 1289.175000
0.451994 1292.765000
0.451759 1295.479000
0.451683 1298.177000
0.451647 1301.192000
0.451646 1304.645000
0.451664 1307.183000
0.451634 1310.802000
0.453278 1313.620000
0.461833 1316.242000
0.475758 1319.029000
0.476731 1322.611000
0.467736 1325.356000
0.454595 1328.047000
0.453735 1331.790000
0.462524 1334.465000
0.464354 1337.517000
0.457826 1340.035000
0.440845 1343.628000
0.438786 1346.379000
0.445825 1349.277000
0.444855 1352.740000
0.446480 1355.510000
0.444108 1358.258000
0.444818 1361.102000
0.444720 1364.795000
0.443076 1367.557000
0.443058 1370.288000
0.438399 1373.137000
0.422253 1376.772000
0.415456 1379.798000
0.413699 1382.326000
0.411467 1385.055000
0.412977 1388.781000
0.412152 1391.630000
0.410884 1394.363000
0.412379 1397.160000
0.412401 1400.913000
0.413949 1403.693000
0.415338 1406.720000
0.422452 1409.531000
0.426560 1412.125000
0.428464 1415.157000
0.427754 1418.674000
0.427809 1421.489000
0.429220 1424.303000
0.432155 1427.161000
0.433487 1430.879000
0.433719 1433.750000
0.436658 1436.542000
0.438069 1439.377000
0.439449 1442.254000
0.439492 1445.091000
0.439589 1448.830000
0.438832 1451.672000
0.439573 1454.530000
0.440249 1457.452000
0.442440 1460.224000
0.444275 1463.328000
0.447299 1466.891000
0.450525 1469.130000
0.452287 1472.610000
0.456901 1475.538000
0.458357 1478.348000
0.465702 1481.239000
0.469376 1484.080000
0.471280 1487.920000
0.468936 1490.897000
0.470385 1493.685000
0.469606 1496.619000
0.469221 1499.447000
0.467091 1502.346000
0.464851 1505.266000
0.465468 1508.234000
0.467632 1511.080000
0.467027 1514.980000
0.464856 1517.792000
0.468403 1520.756000
0.469022 1523.622000
0.469788 1526.515000
0.471989 1529.543000
0.472535 1532.453000
0.473389 1535.260000
0.472485 1538.181000
0.473343 1541.102000
0.472607 1544.031000
0.473426 1547.020000
0.474986 1550.857000
0.474195 1553.965000
0.474920 1556.735000
0.474132 1559.679000
0.474923 1562.698000
0.476158 1565.547000
0.474826 1568.499000
0.473822 1571.535000
0.473395 1574.408000
0.473238 1577.360000
0.473160 1580.312000
0.473166 1583.286000
0.473179 1586.275000
0.473131 1589.203000
0.473130 1592.183000
0.473131 1595.247000
0.473116 1598.112000
0.473136 1601.169000
0.473143 1604.055000
0.473174 1607.044000
0.473124 1610.112000
0.473160 1613.101000
0.473120 1616.081000
0.473110 1619.083000
0.473127 1622.055000
0.483288 1625.972000
0.492271 1628.969000
0.491458 1631.058000
0.484611 1634.079000
0.484065 1637.010000
0.490852 1640.086000
0.509821 1644.002000
0.517459 1646.003000
0.518376 1649.020000
0.511624 1652.044000
0.510901 1655.071000
0.517570 1658.092000
0.528693 1661.107000
0.529449 1664.194000
0.522658 1667.253000
0.521784 1670.200000
0.522561 1673.238000
0.515826 1676.341000
0.508929 1679.315000
0.507317 1682.472000
0.498628 1685.402000
0.489603 1688.518000
0.487368 1691.504000
0.480592 1694.573000
0.480572 1697.620000
0.479843 1700.675000
0.479143 1703.746000
0.479884 1706.811000
0.479166 1709.889000
0.479874 1712.947000
0.479134 1716.036000
0.479168 1718.065000
0.479645 1721.279000
0.481758 1724.263000
0.488574 1727.350000
0.490784 1730.394000
0.497749 1733.562000
0.504247 1736.575000
0.502085 1739.642000
0.504351 1742.744000
0.503577 1745.836000
0.496937 1748.932000
0.485652 1752.058000
0.484201 1754.159000
0.479805 1757.212000
0.478929 1760.322000
0.477810 1763.431000
0.475633 1766.529000
0.474168 1769.677000
0.474185 1772.849000
0.473390 1775.896000
0.471194 1778.035000
0.471095 1781.134000
0.468867 1784.231000
0.466412 1787.362000
0.467236 1790.493000
0.466507 1793.640000
0.467428 1796.830000
0.470733 1799.904000
0.471901 1802.106000
0.472670 1805.157000
0.473017 1808.360000
0.473191 1811.456000
0.473231 1814.615000
0.473267 1817.860000
0.473310 1821.026000
0.473296 1823.170000
0.473265 1826.188000
0.473310 1829.445000
0.473310 1832.604000
0.473271 1835.689000
0.473300 1838.956000
0.473281 1841.072000
0.473286 1844.254000
0.473299 1847.815000
0.473303 1850.514000
0.473284 1853.698000
0.473306 1857.021000
0.473268 1859.126000
0.473261 1862.333000
0.473305 1865.413000
0.473262 1868.672000
0.473297 1871.814000
0.473231 1875.049000
0.473280 1877.211000
0.473263 1880.401000
0.473318 1883.544000
0.473291 1886.845000
0.473256 1889.964000
0.473281 1892.105000
0.473233 1895.338000
0.473296 1898.556000
0.477768 1901.833000
0.488832 1905.036000
0.497912 1907.191000
0.500124 1910.426000
0.493495 1913.648000
0.480371 1916.833000
0.462512 1920.074000
0.456590 1922.235000
0.457987 1925.456000
0.455893 1928.704000
0.447085 1931.960000
0.444102 1934.115000
0.448669 1937.435000
0.447116 1940.652000
0.440164 1943.935000
0.440950 1946.117000
0.441629 1949.359000
0.439460 1952.597000
0.440156 1955.836000
0.437873 1958.008000
0.440084 1961.377000
0.437942 1964.543000
0.440184 1967.841000
0.439437 1970.111000
0.438711 1973.335000
0.437940 1976.568000
0.437334 1979.936000
0.436569 1982.230000
0.436045 1985.464000
0.435804 1988.839000
0.435663 1991.923000
0.435681 1994.121000
0.435651 1997.420000
0.435648 2000.811000
0.435617 2004.027000
0.435687 2006.225000
0.435654 2009.529000
0.435669 2012.847000
0.435658 2015.153000
0.439054 2018.450000
0.450191 2021.742000
0.461463 2025.066000
0.461329 2027.203000
0.454753 2030.525000
0.441262 2033.871000
0.435427 2036.073000
0.436925 2039.408000
0.439227 2042.749000
0.432319 2046.138000
0.424185 2048.348000
0.413271 2051.622000
0.414670 2055.031000
0.417713 2057.192000
0.413258 2060.544000
0.408582 2063.949000
0.409952 2066.321000
0.405546 2069.521000
0.401119 2072.882000
0.404898 2075.158000
0.405570 2078.428000
0.412273 2081.782000
0.420678 2084.091000
0.431679 2087.404000
0.436088 2090.769000
0.442927 2093.090000
0.447304 2096.397000
0.451078 2099.772000
0.458305 2102.188000
0.460260 2105.395000
0.460412 2108.838000
0.465726 2111.133000
0.478988 2114.474000
0.485537 2117.823000
0.483287 2120.065000
0.476607 2123.473000
0.480114 2126.861000
0.484673 2129.149000
0.482533 2132.539000
0.480217 2135.944000
0.481837 2138.362000
0.481273 2141.620000
0.481985 2145.033000
0.482008 2147.318000
0.481276 2150.738000
0.481272 2153.002000
0.482017 2156.435000
0.480234 2159.905000
0.479725 2162.143000
0.479291 2165.530000
0.479152 2168.959000
0.479060 2171.247000
0.479078 2174.683000
0.479024 2177.062000
0.479031 2180.407000
0.478987 2183.892000
0.479025 2186.231000
0.482603 2189.565000
0.487145 2193.107000
0.487144 2195.314000
0.491756 2198.791000
0.491760 2201.068000
0.498465 2204.510000
0.501465 2207.987000
0.506657 2210.286000
0.507392 2213.726000
0.503581 2216.067000
0.492496 2219.515000
0.474657 2222.985000
0.459332 2225.371000
0.437505 2228.771000
0.422506 2231.387000
0.414340 2234.581000
0.416515 2238.060000
0.419582 2240.352000
0.414918 2243.949000
0.414691 2246.182000
0.419141 2249.650000
0.416927 2253.229000
0.419312 2255.641000
0.429383 2259.464000
0.434937 2261.308000
0.435896 2264.838000
0.437933 2267.113000
0.440723 2270.609000
0.439964 2274.130000
0.443857 2276.553000
0.442152 2280.388000
0.442860 2282.409000
0.447192 2285.822000
0.447154 2288.165000
0.452131 2291.680000
0.452219 2294.269000
0.452526 2297.786000
0.454606 2301.096000
0.452374 2303.453000
0.452511 2307.044000
0.452322 2309.668000
0.450689 2312.904000
0.447740 2315.224000
0.440784 2318.882000
0.437273 2321.103000
0.426190 2324.651000
0.421504 2327.107000
0.419267 2330.651000
0.412689 2334.171000
0.413466 2336.596000
0.415765 2340.146000
0.419467 2342.454000
0.426679 2345.942000
0.433035 2348.316000
0.444703 2351.158000
0.450348 2354.708000
0.452273 2357.945000
0.457193 2360.189000
0.470417 2363.759000
0.476710 2366.226000
0.475279 2369.815000
0.470273 2372.092000
0.469566 2375.762000
0.473076 2378.067000
0.477921 2381.647000
0.475829 2384.163000
0.473700 2387.708000
0.475123 2390.183000
0.474417 2393.723000
0.474379 2396.039000
0.473948 2399.583000
0.473168 2402.124000
0.472520 2405.710000
0.472456 2408.002000
0.472291 2411.606000
0.472288 2414.139000
0.472262 2417.617000
0.472257 2420.142000
0.472142 2423.757000
0.472207 2426.218000
0.472178 2429.663000
0.472134 2432.187000
0.472221 2435.695000
0.472113 2438.949000
0.472251 2441.583000
0.472292 2444.137000
0.472198 2447.785000
0.472195 2450.209000
0.472221 2453.908000
0.472230 2456.328000
0.472207 2459.881000
0.472219 2462.295000
0.472230 2466.085000
0.472230 2468.402000
0.472136 2472.031000
0.472292 2474.487000
0.472257 2478.168000
0.472230 2480.546000
0.472224 2483.088000
0.472195 2486.728000
0.472207 2489.185000
0.472239 2492.852000
0.472227 2495.277000
0.472166 2498.974000
0.472198 2501.404000
0.472210 2505.063000
0.472233 2507.494000
0.472110 2511.182000
0.472206 2513.520000
0.472227 2516.015000
0.472213 2519.671000
0.472227 2522.108000
0.472213 2525.804000
0.472128 2528.256000
0.472089 2532.172000
0.472200 2534.565000
0.472142 2538.072000
0.472166 2540.560000
0.474104 2543.304000
0.482376 2546.740000
0.485323 2549.156000
0.481127 2552.867000
0.474217 2555.392000
0.458738 2559.045000
0.443867 2561.664000
0.429380 2564.073000
0.415877 2567.760000
0.414397 2570.285000
0.418792 2573.880000
0.418745 2576.390000
0.411969 2580.144000
0.406201 2582.568000
0.406144 2585.120000
0.410700 2588.896000
0.408636 2591.322000
0.411066 2595.196000
0.415922 2597.481000
0.422648 2601.227000
0.422231 2603.822000
0.426267 2606.444000
0.430170 2610.013000
0.430264 2612.430000
0.431929 2615.257000
0.432464 2618.672000
0.436223 2621.193000
0.434655 2624.923000
0.435454 2627.413000
0.437113 2630.046000
0.436155 2633.697000
0.436164 2636.198000
0.434560 2640.057000
0.433727 2642.457000
0.433062 2646.204000
0.434565 2648.742000
0.432274 2651.252000
0.434500 2655.021000
0.433508 2657.902000
0.430167 2660.121000
0.429505 2663.939000
0.425652 2666.536000
0.414343 2670.320000
0.404080 2672.648000
0.391666 2675.240000
0.384727 2679.018000
0.387010 2681.539000
0.392149 2684.015000
0.405648 2687.887000
0.418326 2690.414000
0.440567 2694.211000
0.455463 2696.735000
0.470419 2699.282000
0.492083 2702.997000
0.507453 2705.606000
0.522418 2708.150000
0.545881 2712.159000
0.555141 2714.433000
0.559876 2718.242000
0.557870 2720.785000
0.552521 2723.424000
0.539363 2727.174000
0.526850 2729.700000
0.511415 2732.333000
0.489607 2736.083000
0.474647 2738.630000
0.461371 2741.180000
0.452251 2745.060000
0.453001 2747.562000
0.456677 2750.141000
0.467808 2753.976000
0.477020 2756.617000
0.479939 2759.175000
0.475570 2763.028000
0.468971 2765.570000
0.459025 2768.174000
0.445849 2772.007000
0.444380 2774.515000
0.446801 2777.184000
0.453409 2780.974000
0.452593 2783.540000
0.448956 2786.093000
0.444490 2790.025000
0.446613 2792.482000
0.445801 2795.164000
0.445249 2798.904000
0.444481 2801.587000
0.444167 2804.086000
0.443719 2807.964000
0.443732 2810.547000
0.443695 2813.129000
0.443556 2817.010000
0.443556 2819.595000
0.443574 2822.183000
0.443569 2826.068000
0.443570 2828.661000
0.443628 2831.391000
0.443578 2835.249000
0.443599 2837.886000
0.443585 2840.458000
0.443647 2844.239000
0.443634 2846.883000
0.443519 2849.433000
0.443619 2852.034000
0.443611 2855.943000
0.443644 2858.721000
0.443611 2861.293000
0.443558 2865.077000
0.443583 2867.676000
0.443570 2870.282000
0.443590 2874.194000
0.443608 2876.803000
0.443573 2879.428000
0.443560 2882.129000
0.443593 2886.051000
0.443616 2888.651000
0.443581 2891.197000
0.443568 2895.235000
0.443593 2897.856000
0.443601 2900.368000
0.443565 2904.453000
0.443606 2907.030000
0.443534 2909.661000
0.443624 2912.182000
0.443544 2916.138000
0.443627 2918.797000
0.443580 2921.392000
0.443601 2924.024000
0.447269 2928.055000
0.454180 2930.748000
0.463866 2933.373000
0.481673 2937.328000
0.487624 2939.957000
0.487598 2942.638000
0.484007 2945.209000
0.475089 2949.158000
0.475124 2951.804000
0.478947 2954.573000
0.485657 2957.185000
0.494217 2961.061000
0.493518 2963.635000
0.489902 2966.341000
0.483107 2969.029000
0.481005 2973.026000
0.484880 2975.839000
0.488838 2978.249000
0.491107 2982.225000
0.496298 2984.884000
0.504468 2987.529000
0.513647 2990.260000
0.515835 2994.195000
0.512120 2996.890000
0.507528 2999.637000
0.508246 3002.196000
0.503853 3006.200000
0.497176 3008.868000
0.487352 3011.570000
0.476911 3014.275000
0.472340 3018.306000
0.474515 3020.965000
0.477473 3023.642000
0.475261 3026.338000
0.466575 3030.250000
0.455678 3033.244000
0.444426 3035.613000
0.429456 3038.301000
0.416070 3042.326000
0.414638 3045.002000
0.416886 3047.709000
0.416065 3050.383000
0.412310 3053.137000
0.411653 3057.146000
0.407872 3059.868000
0.403543 3062.495000
0.397985 3065.313000
0.384301 3069.399000
0.378820 3071.907000
0.378973 3074.880000
0.382402 3077.340000
0.389170 3080.039000
0.391430 3084.090000
0.387722 3086.769000
0.381007 3089.469000
0.378032 3092.165000
0.382434 3096.231000
0.382654 3098.920000
0.378818 3101.715000
0.374414 3104.357000
0.371387 3107.059000
0.369843 3111.214000
0.367015 3113.840000
0.369236 3116.554000
0.368495 3119.271000
0.370764 3122.052000
0.379656 3126.122000
0.389170 3128.791000
0.402068 3131.565000
0.416849 3134.274000
0.427356 3137.041000
0.431788 3141.125000
0.429631 3143.853000
0.430380 3146.579000
0.434038 3149.332000
0.438471 3153.364000
0.438463 3156.104000
0.438474 3158.928000
0.438567 3161.523000
0.438659 3164.441000
0.436531 3168.355000
0.436514 3171.107000
0.432777 3173.817000
0.432580 3176.568000
0.434233 3179.308000
0.432088 3182.039000
0.431979 3186.247000
0.431968 3189.054000
0.432033 3191.781000
0.432008 3194.535000
0.431979 3197.398000
0.431997 3200.038000
0.431917 3204.149000
0.432018 3206.906000
0.431992 3209.688000
0.432035 3212.341000
0.431996 3215.159000
0.431970 3219.208000
0.432033 3221.946000
0.431977 3224.714000
0.432008 3227.466000
0.431934 3230.270000
0.431905 3233.133000
0.431991 3237.148000
0.431960 3239.994000
0.432018 3242.734000
0.431989 3245.471000
0.431989 3248.207000
0.431984 3251.050000
0.431905 3255.174000
0.432006 3257.908000
0.431960 3260.796000
0.432023 3263.510000
0.431980 3266.323000
0.431941 3269.130000
0.432030 3273.228000
0.431932 3276.035000
0.432697 3278.785000
0.436442 3281.580000
0.443000 3284.358000
0.452930 3287.193000
0.470113 3291.260000
0.476123 3294.050000
0.476082 3296.950000
0.472520 3299.645000
0.465806 3302.420000
0.462743 3305.270000
0.465006 3308.004000
0.471660 3312.194000
0.470809 3315.035000
0.469369 3318.026000
0.471483 3320.683000
0.470749 3323.395000
0.469351 3326.259000
0.471618 3329.020000
0.469302 3333.199000
0.470092 3335.998000
0.471599 3338.792000
0.473958 3341.748000
0.473221 3344.419000
0.473297 3347.225000
0.473347 3350.039000
0.466495 3354.291000
0.458542 3357.062000
0.451605 3359.997000
0.445090 3362.057000
0.442231 3365.514000
0.439941 3368.318000
0.434682 3371.201000
0.428071 3375.493000
0.430268 3378.268000
0.433232 3381.049000
0.430843 3383.998000
0.431601 3386.730000
0.435241 3389.499000
0.437448 3392.315000
0.442574 3395.143000
0.456138 3399.396000
0.466509 3402.226000
0.470994 3405.063000
0.471501 3407.914000
0.475255 3410.730000
0.479698 3413.602000
0.479002 3416.407000
0.477513 3419.317000
0.479758 3422.208000
0.478854 3425.068000
0.477489 3429.321000
0.478229 3432.096000
0.476142 3434.875000
0.472998 3437.792000
0.469197 3440.664000
0.467022 3443.418000
0.466346 3446.266000
0.464818 3449.118000
0.462475 3452.039000
0.464673 3456.255000
0.463885 3459.108000
0.462479 3462.020000
0.462518 3464.803000
0.462538 3467.662000
0.462518 3470.554000
0.462512 3473.499000
0.462442 3476.260000
0.462448 3479.126000
0.462414 3483.414000
0.462496 3486.385000
0.462468 3489.238000
0.462487 3492.114000
0.462546 3494.895000
0.462540 3497.832000
0.462473 3500.618000
0.462481 3503.602000
0.463229 3506.490000
0.466865 3509.271000
0.473650 3512.203000
0.489192 3516.448000
0.500900 3519.306000
0.507127 3522.261000
0.507152 3525.056000
0.503223 3528.071000
0.496900 3530.811000
0.493444 3533.865000
0.495900 3536.862000
0.500776 3539.465000
0.506970 3542.365000
0.507026 3545.271000
0.503325 3548.154000
0.498563 3551.048000
0.497803 3554.066000
0.489985 3558.895000
0.485563 3561.164000
0.483318 3564.123000
0.482573 3567.021000
0.478892 3569.897000
0.478628 3572.769000
0.476341 3575.721000
0.477085 3578.534000
0.479128 3581.621000
0.476775 3584.534000
0.477575 3587.260000
0.481138 3590.165000
0.489200 3593.621000
0.497293 3596.039000
0.517501 3600.422000
0.531895 3603.252000
0.547595 3606.326000
0.562268 3609.198000
0.575508 3612.098000
0.582805 3614.914000
0.584273 3617.822000
0.582178 3620.813000
0.575468 3624.444000
0.569475 3626.567000
0.558270 3629.589000
0.541282 3633.082000
0.529472 3635.395000
0.513616 3638.511000
0.499446 3641.310000
0.485182 3644.108000
0.469994 3647.099000
0.454486 3650.156000
0.433001 3654.385000
0.419544 3657.308000
0.412021 3660.286000
0.410594 3663.179000
0.412740 3666.110000
0.417755 3669.046000
0.427431 3672.504000
