0.500000 -96.666660
0.500000 -93.327670
0.500000 -93.126980
0.500000 -90.977500
0.500000 -87.861400
0.500000 -84.997790
0.500000 -81.992160
0.500000 -78.836970
0.500000 -75.991100
0.500000 -72.977610
0.500001 -69.821830
0.500001 -66.815280
0.463091 -63.937580
0.455583 -60.964920
0.455451 -57.963310
0.455448 -54.889930
0.455448 -51.988290
0.455448 -48.808790
0.455449 -45.786830
0.455448 -42.970760
0.455449 -39.879060
0.455449 -36.979960
0.455449 -33.792660
0.455447 -30.807080
0.455448 -27.803860
0.455448 -24.994830
0.455448 -21.883040
0.455447 -18.973240
0.455448 -15.886760
0.455446 -12.834720
0.455448 -9.877426
0.455448 -6.883667
0.455448 -3.772804
0.455449 -0.692284
0.455448 2.066963
0.455448 5.218887
0.455446 8.133949
0.455449 11.042480
0.455447 14.257200
0.455450 17.221050
0.455449 20.252180
0.455446 23.233260
0.455447 26.300440
0.455449 29.072490
0.455448 32.222810
0.455448 35.056670
0.455446 38.198750
0.455449 41.089580
0.455449 44.290250
0.455450 47.096560
0.455448 50.024000
0.455447 53.293460
0.455446 56.254970
0.455447 59.253250
0.455449 62.148610
0.455446 65.290820
0.455450 68.104220
0.455445 71.287630
0.455448 74.228090
0.455449 77.398030
0.455451 80.064130
0.455449 83.369830
0.455449 86.043660
0.439612 89.280520
0.421017 92.143070
0.420791 95.063370
0.465717 98.252470
0.520312 101.182300
0.531522 104.101600
0.532674 107.055700
0.532798 110.055200
0.526170 113.031300
0.500724 116.054400
0.497393 119.079900
0.497059 122.096400
0.497023 125.158800
0.497026 128.238700
0.497023 131.336700
0.497018 134.069100
0.497023 137.193300
0.497025 140.371600
0.497028 143.149100
0.497019 146.340700
0.497022 149.118700
0.497025 152.328800
0.497022 155.223000
0.497028 158.002800
0.497028 161.273900
0.497022 164.148000
0.478130 167.027800
0.469083 170.353400
0.468198 173.272700
0.468084 176.251200
0.468067 179.147300
0.468067 182.155600
0.468067 185.121300
0.468068 188.143000
0.468065 191.080700
0.468067 194.095800
0.468061 197.127100
0.468067 200.203400
0.468062 203.231400
0.468065 206.333400
0.468060 209.424400
0.468064 212.071600
0.468064 215.183500
0.468060 218.319900
0.468077 221.003600
0.468058 224.119000
0.468061 227.284600
0.468066 230.008800
0.468065 233.232700
0.468064 236.403700
0.468065 239.162700
0.482863 242.431700
0.506035 245.201000
0.510925 248.439100
0.511549 251.241500
0.511657 254.055900
0.511679 257.335900
0.511676 260.164600
0.511681 263.013900
0.511688 266.348000
0.511672 269.253700
0.511671 272.129300
0.511668 275.014300
0.518700 278.362600
0.545790 281.272200
0.554186 284.190200
0.555654 287.119400
0.555922 290.060500
0.541452 293.010000
0.509726 296.481700
0.504572 299.435300
0.503620 302.419100
0.503470 305.413900
0.503439 308.457500
0.495628 311.035700
0.471935 314.502000
0.468168 317.051500
0.467222 320.087600
0.467061 323.116100
0.467031 326.170600
0.467028 329.252100
0.464348 332.471000
0.440374 335.410100
0.425891 338.491100
0.423467 341.081200
0.422840 344.246500
0.422734 347.379100
0.422703 350.515300
0.422705 353.107200
0.422714 356.267800
0.422707 359.478200
0.422707 362.140500
0.422710 365.360300
0.422710 368.540600
0.422701 371.194900
0.422707 374.378000
0.422698 377.067300
0.422705 380.346800
0.422713 383.013000
0.422707 386.272800
0.422711 389.535800
0.422699 392.268800
0.422704 395.062000
0.422702 398.301100
0.422711 401.044800
0.422703 404.357700
0.422709 407.129100
0.422699 410.461800
0.422708 413.284500
0.422703 416.095900
0.442903 419.459000
0.454481 422.253500
0.457274 425.016700
0.458010 428.401900
0.458132 431.269300
0.458158 434.101500
0.458165 437.533600
0.458162 440.373200
0.458169 443.236500
0.458165 446.057500
0.458162 449.507700
0.458171 452.445300
0.458174 455.277000
0.458175 458.210900
0.458162 461.083100
0.458161 464.568900
0.458172 467.489600
0.458172 470.414200
0.458173 473.397500
0.458167 476.283500
0.458167 479.253100
0.458172 482.239600
0.458175 485.157300
0.458161 488.133200
0.458176 491.136800
0.451628 494.066800
0.427524 497.054000
0.417190 500.063700
0.414770 503.068500
0.414191 506.078100
0.414059 509.092600
0.414025 512.120800
0.414016 515.150600
0.414013 518.192000
0.414008 521.274900
0.414012 524.292500
0.414013 527.351700
0.414011 530.427000
0.414007 533.492600
0.414012 536.575300
0.414024 539.101800
0.414021 542.141900
0.429119 545.317100
0.450353 548.407500
0.455953 551.468500
0.457245 554.011300
0.457671 557.150100
0.457790 560.279900
0.457800 563.374100
0.457804 566.581500
0.457809 569.100200
0.457795 572.230200
0.457776 575.382400
0.458591 578.598600
0.468948 581.138700
0.474171 584.335100
0.456313 587.495200
0.428903 590.082800
0.406191 593.270800
0.400725 596.512900
0.399598 599.056500
0.399199 602.290200
0.399086 605.531100
0.400444 608.111600
0.419324 611.417500
0.440597 614.033300
0.449088 617.281900
0.451119 620.554300
0.451562 623.194300
0.441674 626.399000
0.419584 629.033600
0.382020 632.366500
0.357463 635.019800
0.347920 638.337900
0.345914 641.013700
0.345203 644.248500
0.355539 647.629000
0.377054 650.228000
0.414602 653.606800
0.439147 656.250100
0.448962 659.688400
0.450959 662.291400
0.451636 665.045300
0.451835 668.402600
0.451892 671.115100
0.451910 674.456600
0.451899 677.166900
0.451898 680.586900
0.451901 683.308600
0.451934 686.017400
0.451930 689.426000
0.451902 692.164900
0.451916 695.632600
0.451897 698.378100
0.451907 701.099100
0.451913 704.589200
0.451910 707.292600
0.451912 710.114300
0.451910 713.606600
0.451914 716.300200
0.451900 719.148300
0.451916 722.626200
0.451910 725.431200
0.451910 728.213900
0.451913 731.015200
0.451908 734.520900
0.451906 737.328500
0.451906 740.086500
0.456101 743.636400
0.473515 746.615100
0.483430 749.333400
0.486814 752.198600
0.487839 755.004800
0.488248 758.501500
0.488316 761.351500
0.488308 764.254400
0.488344 767.063900
0.488370 770.690400
0.488361 773.508600
0.488360 776.379800
0.488342 779.260900
0.488352 782.139900
0.477873 785.035300
0.469368 788.643400
0.467523 791.596800
0.466982 794.444700
0.466799 797.394000
0.470316 800.254600
0.481944 803.173200
0.486284 806.124300
0.478775 809.019700
0.452045 812.716100
0.427446 815.614900
0.418844 818.554600
0.416038 821.564700
0.415178 824.517600
0.414922 827.461400
0.414837 830.451700
0.414822 833.373500
0.421350 836.348400
0.441535 839.434100
0.453016 842.287700
0.456839 845.295500
0.458023 848.191800
0.458438 851.186800
0.458548 854.186400
0.457283 857.193300
0.444066 860.180100
0.424983 863.186400
0.417971 866.244100
0.415813 869.270600
0.415119 872.286500
0.414913 875.305500
0.414844 878.340100
0.421015 881.305600
0.439077 884.516100
0.446577 887.403000
0.449131 890.450100
0.449957 893.591200
0.450187 896.569300
0.450279 899.621600
0.450303 902.687000
0.450321 905.758200
0.448388 908.390600
0.436037 911.177100
0.416587 914.372400
0.415018 917.383100
0.427130 920.451900
0.451272 923.536500
0.465802 926.614400
0.470438 929.716400
0.471728 932.129900
0.470815 935.191700
0.457757 938.354700
0.433270 941.436900
0.412645 944.559100
0.406099 947.748900
0.404394 950.086700
0.403544 953.200000
0.403270 956.346600
0.403194 959.460200
0.413367 962.596900
0.433736 965.813400
0.441358 968.164800
0.445163 971.293700
0.446402 974.518600
0.446762 977.636200
0.446900 980.022000
0.446927 983.230200
0.446964 986.395000
0.446970 989.579000
0.446956 992.783400
0.446961 995.180900
0.446962 998.427100
0.446958 1001.596000
0.446967 1004.022000
0.446975 1007.272000
0.446948 1010.442000
0.446958 1013.671000
0.446941 1016.093000
0.446971 1019.340000
0.446973 1022.636000
0.443480 1025.025000
0.427214 1028.249000
0.399899 1031.480000
0.379300 1034.752000
0.373755 1037.204000
0.370987 1040.510000
0.371869 1043.960000
0.379601 1046.164000
0.401246 1049.455000
0.430763 1052.733000
0.454467 1055.353000
0.468621 1058.482000
0.473466 1061.775000
0.474767 1064.299000
0.475408 1067.573000
0.475581 1070.093000
0.475667 1073.344000
0.475688 1076.715000
0.475702 1079.208000
0.475704 1082.465000
0.475699 1085.788000
0.475686 1088.312000
0.475688 1091.619000
0.475716 1094.135000
0.475700 1097.465000
0.475715 1100.858000
0.475706 1103.398000
0.475722 1106.678000
0.475713 1109.271000
0.475710 1112.627000
0.475710 1115.087000
0.475698 1118.452000
0.475713 1121.017000
0.475696 1124.361000
0.475703 1127.768000
0.475698 1130.308000
0.474221 1133.715000
0.465173 1136.304000
0.445598 1139.606000
0.437660 1142.196000
0.433880 1145.582000
0.432791 1148.138000
0.432276 1151.550000
0.432169 1154.114000
0.432068 1157.618000
0.432090 1160.194000
0.432057 1163.610000
0.432042 1166.112000
0.435807 1169.606000
0.446930 1172.175000
0.469458 1175.570000
0.478263 1178.172000
0.482706 1181.622000
0.483937 1184.339000
0.484505 1187.771000
0.484648 1190.289000
0.484738 1193.817000
0.484712 1196.422000
0.485517 1199.021000
0.496043 1202.505000
0.512005 1205.158000
0.529562 1208.682000
0.528444 1211.149000
0.515335 1214.645000
0.497526 1217.287000
0.469581 1220.797000
0.459931 1223.423000
0.455892 1226.057000
0.453770 1229.575000
0.453212 1232.220000
0.452952 1235.781000
0.452887 1238.398000
0.452870 1241.029000
0.452832 1244.567000
0.452904 1247.300000
0.452819 1250.768000
0.452821 1253.499000
0.452865 1256.093000
0.452841 1259.648000
0.452817 1262.318000
0.452860 1265.880000
0.452825 1268.494000
0.452889 1271.230000
0.452831 1274.838000
0.452851 1277.512000
0.452841 1280.178000
0.452865 1283.761000
0.452859 1286.452000
0.452851 1289.186000
0.452834 1292.764000
0.452850 1295.462000
0.452855 1298.160000
0.452866 1301.756000
0.452826 1304.470000
0.452830 1307.181000
0.452818 1310.851000
0.452866 1313.522000
0.452862 1316.283000
0.452847 1319.878000
0.452861 1322.608000
0.452847 1325.395000
0.452842 1328.060000
0.452842 1331.703000
0.452851 1334.439000
0.452867 1337.185000
0.452842 1340.837000
0.452848 1343.581000
0.452866 1346.427000
0.452869 1349.082000
0.452819 1352.825000
0.452827 1355.515000
0.452849 1358.273000
0.452834 1361.028000
0.450570 1364.793000
0.441799 1367.485000
0.426264 1370.258000
0.405919 1373.112000
0.394886 1376.731000
0.391804 1379.510000
0.390523 1382.289000
0.389967 1385.078000
0.389670 1388.837000
0.389610 1391.607000
0.389568 1394.374000
0.389551 1397.207000
0.399788 1400.894000
0.415452 1403.708000
0.436914 1406.501000
0.449859 1409.318000
0.455298 1412.123000
0.457677 1415.010000
0.458821 1418.793000
0.459162 1421.543000
0.459242 1424.423000
0.459305 1427.237000
0.459354 1430.991000
0.459306 1433.820000
0.459353 1436.634000
0.459322 1439.478000
0.459323 1442.315000
0.459357 1445.151000
0.459300 1448.970000
0.459333 1451.773000
0.459374 1454.613000
0.459345 1457.460000
0.459360 1460.305000
0.459345 1463.301000
0.459338 1466.927000
0.459343 1469.788000
0.459332 1472.653000
0.459364 1475.517000
0.459340 1478.380000
0.459360 1481.252000
0.459329 1484.136000
0.459331 1487.084000
0.459336 1490.941000
0.459329 1493.823000
0.459345 1496.714000
0.459360 1499.595000
0.459340 1502.391000
0.459336 1505.281000
0.459335 1508.175000
0.459365 1511.074000
0.459345 1514.046000
0.459330 1517.909000
0.459353 1520.820000
0.459357 1523.721000
0.459327 1526.574000
0.459310 1529.517000
0.459317 1532.485000
0.459316 1535.375000
0.459318 1538.346000
0.459368 1541.168000
0.459354 1544.156000
0.459340 1547.131000
0.459357 1550.917000
0.457388 1553.188000
0.444659 1556.836000
0.426569 1559.810000
0.406886 1562.654000
0.397188 1565.604000
0.393046 1568.565000
0.391323 1571.518000
0.390583 1574.467000
0.392637 1578.050000
0.399865 1580.429000
0.414823 1583.326000
0.436429 1586.327000
0.454050 1589.309000
0.461498 1592.353000
0.464554 1595.296000
0.465807 1598.267000
0.466462 1601.758000
0.466681 1604.515000
0.466780 1607.099000
0.466826 1610.177000
0.466866 1613.103000
0.465125 1616.274000
0.456570 1619.083000
0.441044 1622.049000
0.425549 1625.040000
0.418861 1628.062000
0.416134 1631.054000
0.414967 1634.058000
0.414507 1637.061000
0.414283 1640.071000
0.414191 1643.081000
0.414210 1646.089000
0.414154 1649.115000
0.414166 1652.202000
0.414143 1655.222000
0.414130 1658.235000
0.414161 1661.319000
0.414144 1664.295000
0.414160 1667.319000
0.414125 1670.381000
0.414131 1673.367000
0.414134 1676.430000
0.414148 1679.637000
0.414139 1682.491000
0.414109 1685.512000
0.414125 1688.669000
0.414142 1691.720000
0.414142 1694.758000
0.414134 1697.745000
0.414127 1700.806000
0.414163 1703.889000
0.414143 1706.947000
0.414149 1710.123000
