0.500000 -96.666660
0.500000 -93.327670
0.500000 -93.126980
0.500000 -90.840500
0.500000 -87.931420
0.500000 -84.980090
0.500000 -81.906930
0.500000 -78.932740
0.500000 -75.823300
0.500000 -72.889160
0.500000 -69.853730
0.500000 -66.790730
0.500000 -63.869470
0.500000 -60.931870
0.500001 -57.807200
0.500000 -54.829620
0.500000 -51.863480
0.500000 -48.725710
0.500000 -45.956700
0.500001 -42.931350
0.499999 -39.834300
0.500000 -36.949870
0.499999 -33.985730
0.498797 -30.612790
0.447216 -27.795520
0.438064 -24.999090
0.437673 -21.885030
0.437660 -18.779350
0.437661 -15.873110
0.437661 -12.934010
0.437661 -9.950768
0.437659 -6.934517
0.437661 -3.908257
0.437659 -0.833984
0.437660 2.300537
0.437661 5.137047
0.437660 8.047600
0.437661 11.287630
0.437661 14.179270
0.444379 17.155690
0.505598 20.160900
0.521472 23.210130
0.522362 26.270560
0.522413 29.048600
0.507463 32.164670
0.458001 35.302870
0.453133 38.142780
0.452763 41.323100
0.467582 44.218250
0.494252 47.146440
0.496459 50.092900
0.496628 53.085880
0.496634 56.080050
0.496638 59.070940
0.496639 62.103070
0.496636 65.169330
0.496637 68.251690
0.482012 71.009120
0.454926 74.206850
0.452785 77.328230
0.452627 80.113830
0.452614 83.328050
0.478577 86.188200
0.511296 89.036900
0.514968 92.298100
0.515239 95.211070
0.515262 98.141480
0.515267 101.106900
0.515268 104.064800
0.515270 107.079800
0.515272 110.091000
0.515276 113.081000
0.515268 116.125000
0.515264 119.207500
0.515269 122.268900
0.491530 125.352600
0.481295 128.118700
0.479898 131.219100
0.479757 134.390900
0.479742 137.167100
0.479744 140.316300
0.479749 143.114200
0.479737 146.369200
0.479746 149.191900
0.479747 152.008300
0.479741 155.273400
0.479739 158.180100
0.479743 161.066200
0.479747 164.391900
0.479741 167.263600
0.479740 170.224700
0.479742 173.139900
0.479744 176.100400
0.479741 179.070200
0.479744 182.061700
0.479744 185.062500
0.479749 188.071600
0.479741 191.134900
0.479745 194.197300
0.479744 197.232200
0.479738 200.333800
0.479742 203.005300
0.479738 206.436700
0.479747 209.101300
0.479749 212.246000
0.479740 215.161300
0.479739 218.198700
0.479747 221.248500
0.479737 224.481400
0.479744 227.428100
0.479748 230.450300
0.481238 233.066600
0.512223 236.258800
0.529196 239.071800
0.532266 242.311700
0.532660 245.101400
0.532739 248.321900
0.532752 251.165400
0.532748 254.415000
0.532744 257.279900
0.532740 260.118000
0.532756 263.420300
0.532738 266.322400
0.532751 269.167400
0.532748 272.041100
0.532746 275.418200
0.532742 278.317400
0.537440 281.301500
0.556250 284.221100
0.560773 287.104300
0.542789 290.051400
0.511063 293.044800
0.503705 296.014200
0.502344 299.449600
0.502165 302.479300
0.502134 305.480100
0.502122 308.469100
0.502115 311.009900
0.502119 314.031300
0.486191 317.086200
0.475425 320.092700
0.473448 323.184800
0.473116 326.226300
0.473054 329.340100
0.473035 332.382100
0.473034 335.480500
0.473035 338.068700
0.473028 341.182900
0.473036 344.344500
0.473026 347.483000
0.473035 350.079700
0.473033 353.237800
0.473032 356.408100
0.473032 359.054900
0.473025 362.243800
0.473024 365.462500
0.473018 368.154000
0.473033 371.326800
0.473022 374.016300
0.473024 377.250000
0.473037 380.495900
0.473023 383.237200
0.473020 386.467000
0.473039 389.238900
0.473033 392.523300
0.473017 395.264100
0.465560 398.547100
0.445530 401.288300
0.438745 404.097300
0.437020 407.444900
0.436754 410.163900
0.436683 413.497700
0.436670 416.299400
0.436657 419.107200
0.436665 422.535000
0.436668 425.320300
0.436670 428.176800
0.436660 431.572100
0.436681 434.367400
0.436664 437.215500
0.436665 440.073400
0.436668 443.561000
0.436670 446.427500
0.436672 449.262100
0.436670 452.142800
0.436661 455.053800
0.436675 458.521500
0.436667 461.423800
0.436667 464.349100
0.436674 467.268700
0.436669 470.201800
0.436671 473.197900
0.436667 476.138900
0.436671 479.129000
0.436673 482.039700
0.436662 485.553900
0.436673 488.526700
0.436662 491.552300
0.436662 494.541400
0.436663 497.535400
0.436666 500.523400
0.436673 503.587900
0.436669 506.601200
0.436668 509.544100
0.436669 512.009600
0.436666 515.297900
0.436678 518.674900
0.437632 521.265400
0.455753 524.176000
0.473919 527.245400
0.478227 530.312800
0.479248 533.391800
0.479510 536.428300
0.479548 539.574700
0.479564 542.646800
0.479562 545.096300
0.479576 548.195700
0.478101 551.310200
0.461422 554.428300
0.453589 557.569600
0.451959 560.133200
0.451403 563.221700
0.451259 566.371300
0.451235 569.544200
0.451205 572.062700
0.451195 575.306500
0.451210 578.419300
0.451206 581.020000
0.451207 584.142900
0.451207 587.338300
0.448634 590.736500
0.435675 593.150300
0.425459 596.347800
0.422986 599.629000
0.422492 602.158100
0.422317 605.371800
0.422272 608.621000
0.425626 611.209400
0.447896 614.510600
0.474883 617.098600
0.485271 620.436700
0.470661 623.710400
0.446677 626.250500
0.409317 629.553500
0.381551 632.178300
0.368709 635.492900
0.366008 638.122900
0.375105 641.507400
0.396386 644.175600
0.433216 647.496500
0.453199 650.093100
0.460531 653.475600
0.462058 656.154400
0.462593 659.462600
0.462691 662.152800
0.462754 665.515600
0.462783 668.211200
0.462768 671.597800
0.462795 674.298600
0.462775 677.015000
0.462769 680.406400
0.462769 683.126900
0.462769 686.532200
0.462759 689.266700
0.462794 692.004400
0.462769 695.440800
0.462766 698.192500
0.451096 701.879800
0.436158 704.422500
0.430282 707.142300
0.428137 710.598400
0.427686 713.376400
0.427550 716.152600
0.427494 719.632400
0.431226 722.454400
0.447291 725.210800
0.463958 728.013900
0.469799 731.567700
0.471002 734.368300
0.471376 737.120700
0.471499 740.643100
0.471528 743.463400
0.471537 746.400900
0.471550 749.141100
0.471519 752.657700
0.471542 755.493500
0.471553 758.339100
0.471543 761.199400
0.471545 764.051400
0.471543 767.694400
0.471565 770.489700
0.471573 773.363000
0.471543 776.297400
0.471553 779.112700
0.471559 782.048400
0.471521 785.606000
0.460959 788.550700
0.444558 791.452400
0.438564 794.348000
0.436658 797.262700
0.436047 800.156700
0.435841 803.072400
0.435809 806.046300
0.435766 809.642000
0.435762 812.701400
0.435771 815.542400
0.435757 818.396000
0.435754 821.345500
0.435756 824.291600
0.435747 827.249000
0.435760 830.201400
0.435777 833.167700
0.435742 836.130600
0.435767 839.103400
0.435755 842.117500
0.435773 845.117100
0.435771 848.044900
0.435760 851.109600
0.435759 854.027000
0.433524 857.018900
0.420112 860.030300
0.394599 863.065600
0.365219 866.039300
0.334865 869.116900
0.305129 872.137000
0.275775 875.122800
0.246186 878.136600
0.216258 881.189600
0.186683 884.211100
0.171691 887.296800
0.176125 890.285500
0.192607 893.383300
0.198446 896.445300
0.188115 899.517200
0.178958 902.536200
0.186396 905.608900
0.185683 908.708600
0.178909 911.755100
0.183343 914.062400
0.179171 917.351300
0.181029 920.243300
0.181135 923.380400
0.178950 926.527700
0.179689 929.593100
0.179632 932.707200
0.178777 935.043100
0.178816 938.121900
0.179378 941.238300
0.177218 944.380700
0.177156 947.551900
0.177150 950.714700
0.177863 953.035600
0.177855 956.218100
0.176425 959.343300
0.175670 962.513200
0.177943 965.719500
0.176589 968.765500
0.176121 971.133200
0.176876 974.311500
0.174706 977.471300
0.174768 980.664700
0.175546 983.097700
0.175605 986.242200
0.175517 989.418800
0.175388 992.655500
0.176043 995.079500
0.176684 998.224600
0.174504 1001.430000
0.174487 1004.660000
0.173781 1007.074000
0.173073 1010.302000
0.175260 1013.588000
0.173820 1016.751000
0.173126 1019.177000
0.173054 1022.478000
0.173180 1025.669000
0.173980 1028.082000
0.174018 1031.347000
0.174026 1034.600000
0.173288 1037.046000
0.173278 1040.307000
0.171811 1043.575000
0.174046 1046.036000
0.172621 1049.335000
0.171888 1052.590000
0.174115 1055.047000
