0.485143 -96.666660
0.500000 -93.327670
0.500669 -93.126980
0.502231 -90.948250
0.502270 -87.832080
0.502270 -84.975150
0.475868 -81.844360
0.440292 -78.851720
0.439887 -75.949470
0.439882 -72.994460
0.439882 -69.984660
0.439882 -66.929020
0.439882 -63.980110
0.439882 -60.774470
0.439882 -57.956420
0.439882 -54.878600
0.439882 -51.947590
0.439884 -48.982270
0.439882 -45.944860
0.439882 -42.892590
0.487946 -39.775950
0.482303 -36.830700
0.427799 -33.873310
0.424020 -30.884900
0.423901 -27.828870
0.423896 -24.772420
0.423896 -21.910910
0.423896 -18.998190
0.423896 -15.815790
0.423897 -12.846670
0.423896 -9.844177
0.423896 -6.805870
0.423897 -3.996078
0.423894 -0.889595
0.423896 2.215302
0.423895 5.118607
0.423896 8.007980
0.423896 11.240810
0.423896 14.210430
0.423897 17.022130
0.423896 20.221080
0.412505 23.309940
0.353551 26.052440
0.280732 29.157090
0.287081 32.300320
0.349319 35.140210
0.416466 38.019380
0.444774 41.236370
0.446342 44.182020
0.446457 47.085020
0.446464 50.055880
0.446468 53.044340
0.446466 56.060040
0.446468 59.098220
0.446467 62.179410
0.446472 65.244810
0.446465 68.008530
0.446466 71.133030
0.446469 74.282530
0.461591 77.063460
0.524361 80.283420
0.583103 83.101840
0.650032 86.334120
0.687455 89.226960
0.660741 92.169890
0.659389 95.082460
0.669029 98.030530
0.665943 101.344500
0.663468 104.004500
0.616579 107.386000
0.565103 110.000300
0.531832 113.044700
0.527348 116.156400
0.493417 119.165100
0.453854 122.278300
0.449198 125.345800
0.448733 128.113200
0.448670 131.262400
0.448666 134.025900
0.448664 137.172100
0.448665 140.378600
0.448664 143.182600
0.448660 146.005000
0.448661 149.306200
0.448659 152.109100
0.448664 155.011000
0.448661 158.310700
0.448663 161.186800
0.448667 164.139800
0.448661 167.050300
0.448660 170.016100
0.448664 173.353200
0.448661 176.299300
0.448661 179.338700
0.448657 182.329700
0.448663 185.332200
0.448666 188.383400
0.448664 191.354900
0.448662 194.417200
0.448665 197.605200
0.448662 200.132500
0.448665 203.223800
0.448661 206.503800
0.448663 209.426500
0.448666 212.106500
0.448661 215.248400
0.448663 218.412800
0.448666 221.155700
0.448665 224.317700
0.448660 227.305900
0.448661 230.253900
0.448657 233.528700
0.448655 236.266900
0.452508 239.484200
0.482091 242.311400
0.511411 245.057500
0.517597 248.336200
0.518378 251.159900
0.518527 254.479100
0.518531 257.304200
0.518544 260.207300
0.518545 263.058100
0.518543 266.375500
0.518543 269.305400
0.518550 272.157300
0.518543 275.062700
0.534116 278.487000
0.551293 281.447600
0.554273 284.336000
0.554825 287.284900
0.551192 290.241200
0.522479 293.209400
0.483029 296.190700
0.472721 299.179500
0.470883 302.181200
0.470554 305.195900
0.470491 308.205100
0.470476 311.233700
0.470484 314.296700
0.470470 317.355100
0.470479 320.395800
0.470479 323.462400
0.470481 326.033000
0.470477 329.122100
0.470486 332.231800
0.470475 335.393500
0.470478 338.514300
0.470477 341.111900
0.470474 344.228100
0.470480 347.394100
0.470479 350.555000
0.470483 353.192800
0.470474 356.372400
0.470479 359.025700
0.470482 362.224800
0.470484 365.436300
0.470483 368.118600
0.470481 371.336000
0.470484 374.537800
0.470480 377.236300
0.470485 380.494400
0.470484 383.281200
0.470480 386.518200
0.470476 389.225900
0.470483 392.038900
0.470484 395.278600
0.470484 398.024700
0.470486 401.132900
0.470484 404.119400
0.470480 407.530300
0.470474 410.320900
0.470476 413.238300
0.470477 416.430800
0.470469 419.226700
0.470485 422.609200
0.470496 425.460400
0.470485 428.275200
0.470484 431.271700
0.470484 434.163000
0.470482 437.366500
0.470482 440.346100
0.470484 443.249600
0.470485 446.674400
0.470480 449.443100
0.470493 452.422400
0.470477 455.292600
0.470482 458.221900
0.470483 461.491800
0.470485 464.015200
0.470483 467.465500
0.470487 470.903100
0.470489 473.253500
0.470475 476.277700
0.470484 479.199500
0.470482 482.210400
0.470479 485.183100
0.470496 488.101900
0.470478 491.192400
0.470486 494.082300
0.470477 497.165500
0.470483 500.271400
0.470483 503.049100
0.470476 506.479600
0.470488 509.218800
0.470487 512.128200
0.470475 515.198500
0.470491 518.242700
0.470479 521.397900
0.470482 524.318600
0.470482 527.395300
0.470474 530.467600
0.470477 533.261700
0.470480 536.904900
0.470487 539.171600
0.470490 542.326200
0.470475 545.244100
0.470477 548.413900
0.470486 551.295200
0.470478 554.493300
0.470489 557.410600
0.470500 560.228600
0.470486 563.402000
0.470485 566.536600
0.470494 569.056600
0.470474 572.213100
0.470479 575.315400
0.470501 578.766600
0.470486 581.210400
0.470489 584.275200
0.467957 587.512300
0.451849 590.524500
0.444888 593.134400
0.442457 596.336500
0.441864 599.559900
0.441750 602.113200
0.441747 605.348100
0.441721 608.520400
0.441724 611.120200
0.441722 614.401200
0.440781 617.157500
0.426027 620.274200
0.393620 623.497700
0.378103 626.158400
0.372776 629.429300
0.371649 632.030700
0.371264 635.281900
0.371154 638.611100
0.371133 641.283900
0.371130 644.558300
0.371130 647.198900
0.372699 650.526100
0.386141 653.198800
0.418779 656.524100
0.443094 659.138600
0.452878 662.536600
0.454875 665.177100
0.455626 668.533900
0.455789 671.227500
0.455849 674.670000
0.455867 677.347800
0.455850 680.076000
0.455851 683.073100
0.455861 686.141500
0.455860 689.513700
0.455859 692.238600
0.455844 695.732200
0.455870 698.466200
0.455853 701.189700
0.455865 704.566500
0.455850 707.320100
0.455844 710.133900
0.455843 713.526200
0.455854 716.295900
0.455838 719.069000
0.455864 722.625400
0.455878 725.317100
0.455827 728.171100
0.455854 731.597100
0.455841 734.402700
0.455852 737.220700
0.455852 740.048300
0.455856 743.531500
0.455851 747.442600
0.455840 749.851300
0.455844 752.682900
0.455849 755.510100
0.463203 758.341800
0.477627 761.270100
0.482600 764.023900
0.484433 767.643100
0.484815 770.423800
0.484937 773.308000
0.484967 776.181200
0.484988 779.060300
0.484987 782.645600
0.484978 785.579700
0.484981 788.428800
0.484998 791.294200
0.484954 794.161500
0.484992 797.073000
0.484990 800.672400
0.484981 803.554400
0.483602 806.482100
0.470184 809.408900
0.445217 812.288400
0.424720 815.229700
0.418239 818.198400
0.416229 821.116800
0.415592 824.057100
0.415369 827.673600
0.415325 830.688800
0.415310 833.625100
0.415303 836.523800
0.425653 839.485200
0.447874 842.451100
0.468347 845.451500
0.474704 848.387200
0.476753 851.369600
0.477394 854.370100
0.477599 857.340900
0.473906 860.382000
0.457988 863.312700
0.447300 866.330100
0.443900 869.338300
0.442864 872.342800
0.442507 875.356000
0.442419 878.424800
0.442350 881.449900
0.442337 884.491900
0.442347 887.510900
0.442347 890.545400
0.442329 893.573400
0.442337 896.573700
0.442335 899.624500
0.442346 902.762300
0.441514 905.055200
0.431485 908.028900
0.414675 911.166900
0.408854 914.176100
0.406942 917.254500
0.409994 920.468400
0.425184 923.435900
0.452204 926.530800
0.472407 929.606100
0.478951 932.761000
0.475353 935.021600
0.459640 938.191800
0.433234 941.252800
0.412590 944.413600
0.406162 947.584800
0.404205 950.607800
0.403630 953.014800
0.403378 956.082500
0.403289 959.227900
0.403256 962.370600
0.403255 965.572800
0.404944 968.779400
0.413792 971.098400
0.435668 974.194600
0.449661 977.402300
0.454005 980.597300
0.455385 983.775100
0.455745 986.149000
0.455928 989.333400
0.455982 992.519300
0.455980 995.696500
0.456010 998.105100
0.456024 1001.226000
0.456026 1004.429000
0.456003 1007.670000
0.456022 1010.044000
0.449324 1013.270000
0.429892 1016.528000
0.406513 1019.687000
0.399155 1022.124000
0.395528 1025.358000
0.394349 1028.642000
0.394054 1031.148000
0.393910 1034.267000
0.393861 1037.513000
0.393849 1040.892000
0.393848 1043.212000
0.393828 1046.471000
0.395523 1049.030000
0.408722 1052.228000
0.433682 1055.482000
0.458451 1058.771000
0.465748 1061.264000
0.469389 1064.500000
0.470549 1067.788000
0.470831 1070.262000
0.470973 1073.606000
0.471036 1076.080000
0.471055 1079.386000
0.471056 1082.705000
0.471049 1085.135000
0.471054 1088.486000
0.471041 1091.778000
0.471047 1094.335000
0.471053 1097.649000
0.471069 1100.100000
0.471050 1103.447000
0.471045 1106.799000
0.471064 1109.300000
0.471069 1112.841000
0.471051 1115.222000
0.471056 1118.525000
0.471048 1121.048000
0.471043 1124.417000
0.471069 1127.859000
0.471056 1130.321000
0.471076 1133.788000
0.467274 1136.313000
0.450928 1139.669000
0.437460 1142.170000
0.430595 1145.586000
0.428715 1148.121000
0.427796 1151.538000
0.427602 1154.077000
0.429132 1157.615000
0.437695 1160.055000
0.459778 1163.468000
0.476899 1166.030000
0.485632 1169.491000
0.487884 1172.045000
0.489032 1175.485000
0.489345 1178.061000
0.489481 1181.559000
0.489591 1184.097000
0.489565 1187.586000
0.489578 1190.137000
0.490495 1193.833000
0.496721 1196.194000
0.515827 1199.648000
0.538439 1202.372000
0.552994 1205.745000
0.557235 1208.433000
0.550733 1211.892000
0.538392 1214.438000
0.518603 1217.123000
0.498254 1220.632000
0.492882 1223.261000
0.490197 1226.747000
0.489472 1229.379000
0.489148 1232.021000
0.488988 1235.535000
0.488994 1238.106000
0.488960 1241.625000
0.488939 1244.276000
0.488965 1247.807000
0.489005 1250.474000
0.484309 1253.197000
0.469775 1256.686000
0.464144 1259.293000
0.461195 1262.872000
0.460437 1265.521000
0.460110 1268.186000
0.459973 1271.820000
0.459879 1274.489000
0.459889 1277.524000
0.459886 1280.741000
0.459912 1283.423000
0.459862 1286.043000
0.459862 1289.712000
0.459841 1292.329000
0.459859 1295.009000
0.459860 1298.614000
0.459882 1301.297000
0.459881 1304.002000
0.459843 1307.648000
0.459884 1310.457000
0.459859 1313.152000
0.459886 1316.648000
0.459879 1319.371000
0.459104 1322.111000
0.448838 1325.699000
0.442374 1328.426000
0.439608 1331.201000
0.438271 1334.812000
0.437933 1337.038000
0.437719 1340.259000
0.437664 1343.064000
0.437609 1346.805000
0.437596 1349.479000
0.437614 1352.184000
0.437589 1355.821000
0.437600 1358.565000
0.437591 1361.317000
0.436912 1364.115000
0.426653 1367.760000
0.411215 1370.522000
0.400866 1373.288000
0.396402 1376.140000
0.394254 1379.747000
0.393684 1382.525000
0.393408 1385.306000
0.393282 1388.173000
0.393255 1391.862000
0.393250 1394.650000
0.394959 1397.498000
0.403495 1400.154000
0.425938 1403.911000
0.443621 1406.816000
0.450745 1409.584000
0.453840 1412.424000
0.455108 1415.190000
0.455738 1418.836000
0.455930 1421.655000
0.455972 1424.525000
0.455997 1427.282000
0.456068 1430.101000
0.456057 1433.870000
0.456022 1436.810000
0.456065 1439.502000
0.456042 1442.426000
0.456039 1445.163000
0.456045 1448.079000
0.456019 1451.858000
0.456030 1454.677000
0.456038 1457.460000
0.456050 1460.305000
0.456042 1463.237000
0.456019 1466.007000
0.456038 1469.811000
0.456011 1472.666000
0.456020 1475.523000
0.456042 1478.516000
0.456041 1481.253000
0.456004 1484.123000
0.456054 1487.104000
0.456058 1491.005000
0.456039 1493.784000
0.456037 1496.651000
0.456029 1499.533000
0.456033 1502.423000
0.456076 1505.222000
0.460436 1508.107000
0.469824 1511.005000
0.475671 1514.854000
0.477172 1517.744000
0.477834 1520.721000
0.478138 1523.550000
0.478239 1526.447000
0.478325 1529.444000
0.478308 1532.273000
0.478335 1535.185000
0.478322 1538.187000
0.478292 1541.013000
0.478337 1544.980000
0.478263 1547.830000
0.478314 1550.860000
0.478316 1553.733000
0.478299 1556.657000
0.478301 1559.599000
0.478328 1562.603000
0.478340 1565.526000
0.478327 1568.458000
0.478321 1571.346000
0.478330 1574.285000
0.478319 1577.228000
0.478304 1580.229000
0.478327 1583.176000
0.478265 1586.146000
0.478295 1589.098000
0.478283 1592.012000
0.471657 1595.920000
0.459910 1598.966000
0.454186 1601.898000
0.451760 1604.834000
0.450634 1607.894000
0.450256 1610.886000
0.450066 1613.855000
0.450015 1616.758000
0.449929 1619.812000
0.449909 1622.758000
0.449924 1625.724000
0.449925 1628.724000
0.449967 1631.703000
0.456504 1634.686000
0.470426 1637.784000
0.483622 1640.702000
0.489400 1643.715000
0.491874 1646.716000
0.492960 1649.726000
0.493380 1652.740000
0.493537 1655.754000
0.493648 1658.777000
0.493650 1661.794000
0.495787 1664.819000
0.504881 1667.880000
0.511205 1670.876000
0.514011 1673.905000
0.515100 1677.007000
0.511929 1679.086000
0.501766 1682.084000
0.485351 1685.025000
0.474099 1688.068000
0.469320 1691.135000
0.467310 1694.250000
0.468044 1697.336000
0.475865 1700.257000
0.490694 1703.337000
0.511634 1706.379000
0.524545 1709.435000
0.530398 1712.517000
0.532699 1715.578000
0.533671 1718.644000
0.534106 1721.715000
0.527689 1724.852000
0.514817 1727.878000
0.494999 1731.001000
0.485247 1733.053000
0.477965 1736.185000
0.475027 1739.169000
0.473813 1742.257000
0.473266 1745.347000
0.473024 1748.438000
0.472929 1751.627000
0.472899 1754.649000
0.472864 1757.735000
0.472864 1760.848000
0.472883 1764.025000
0.472871 1766.030000
0.472837 1769.201000
0.472867 1772.257000
0.472861 1775.408000
0.472878 1778.488000
0.472849 1781.607000
0.472812 1784.726000
0.472838 1787.929000
0.472908 1791.248000
0.472869 1793.061000
0.472870 1796.182000
0.472868 1799.317000
0.472853 1802.544000
0.472891 1805.686000
0.472865 1808.735000
0.472868 1811.897000
0.472859 1815.025000
0.472875 1817.132000
0.472852 1820.282000
0.472868 1823.435000
0.472866 1826.678000
0.472865 1829.751000
0.472905 1833.005000
0.472863 1835.027000
0.472818 1838.188000
0.472799 1841.360000
0.472862 1844.631000
0.472855 1847.704000
0.472878 1850.971000
0.472836 1853.115000
0.472893 1856.290000
0.472861 1859.499000
0.472840 1862.616000
0.472858 1865.743000
0.472827 1868.939000
0.472855 1871.071000
0.472856 1874.274000
0.472850 1877.460000
0.472836 1880.659000
0.472874 1884.018000
0.472821 1886.052000
0.472862 1889.263000
0.472865 1892.463000
0.468506 1895.607000
0.456813 1898.941000
0.448048 1901.017000
0.441357 1904.200000
0.438387 1907.508000
0.437148 1910.730000
0.436670 1913.965000
0.436462 1916.026000
0.436398 1919.348000
0.436350 1922.585000
0.436308 1925.721000
0.436289 1929.046000
0.436292 1931.206000
0.436286 1934.366000
0.436278 1937.720000
0.436278 1940.984000
0.436248 1943.118000
0.436280 1946.359000
0.436309 1949.625000
0.436295 1952.885000
0.436277 1956.043000
0.436285 1958.223000
0.436290 1961.489000
0.436260 1964.845000
0.436290 1968.101000
0.436270 1970.205000
0.436282 1973.479000
0.436265 1976.749000
0.436300 1979.023000
0.436270 1982.202000
0.436332 1985.498000
0.436273 1988.872000
0.436257 1991.087000
0.436302 1994.409000
0.436314 1997.669000
0.436302 2000.934000
0.436305 2003.045000
0.436279 2006.430000
0.436287 2009.744000
0.436272 2013.034000
0.436317 2015.241000
0.436302 2018.556000
0.436295 2021.774000
0.436287 2025.176000
0.436280 2027.388000
0.432000 2030.669000
0.420774 2033.996000
0.411373 2036.283000
0.404693 2039.587000
0.401818 2042.969000
0.400902 2045.123000
0.400212 2048.442000
0.399965 2051.784000
0.399821 2055.023000
0.399822 2057.250000
0.399754 2060.593000
0.399757 2063.940000
0.399726 2066.142000
0.399749 2069.487000
0.399728 2072.847000
0.399775 2075.069000
0.403507 2078.544000
0.414351 2081.819000
0.425812 2084.127000
0.444889 2087.380000
0.454716 2090.821000
0.457715 2093.007000
0.460020 2096.377000
0.460982 2099.748000
0.461401 2103.121000
0.461533 2105.380000
0.461669 2108.840000
0.461638 2111.108000
0.461684 2114.560000
0.461682 2117.927000
0.461688 2120.038000
0.461721 2123.434000
0.461694 2126.875000
0.461717 2129.177000
0.461689 2132.504000
0.461711 2135.859000
0.461717 2138.129000
0.461703 2141.539000
0.461745 2144.944000
0.461686 2147.264000
0.461712 2150.666000
0.461709 2154.031000
0.461678 2156.311000
0.461698 2159.749000
0.461714 2163.194000
0.461709 2165.407000
0.461700 2168.875000
0.461678 2171.112000
0.461697 2174.540000
0.461737 2177.976000
0.461689 2180.328000
0.461742 2183.767000
0.461703 2186.061000
0.461708 2189.497000
0.461736 2192.878000
0.463752 2195.151000
0.472526 2198.596000
0.483879 2201.267000
0.491800 2204.356000
0.495586 2207.793000
0.496814 2210.187000
0.497699 2213.651000
0.498140 2217.078000
0.498254 2219.314000
0.498302 2222.861000
0.498364 2225.176000
0.496567 2229.030000
0.488462 2232.152000
0.479372 2234.322000
0.459415 2237.795000
0.445846 2240.179000
0.436108 2243.691000
0.432933 2246.102000
0.430763 2249.407000
0.429829 2252.879000
0.428493 2255.490000
0.421719 2258.691000
0.417334 2261.109000
0.414352 2264.515000
0.413036 2268.019000
0.412627 2270.348000
0.419043 2274.036000
0.426518 2276.252000
0.444071 2279.775000
0.458176 2282.022000
0.479080 2285.593000
0.486771 2288.103000
0.491897 2291.440000
0.494148 2294.975000
0.494865 2297.246000
0.489183 2300.812000
0.481619 2303.163000
0.467139 2306.621000
0.461201 2309.157000
0.457284 2312.516000
0.455513 2316.042000
0.454979 2318.398000
0.453796 2321.930000
0.449825 2324.328000
0.438447 2327.831000
0.431681 2330.517000
0.427643 2333.798000
0.426202 2336.202000
0.425094 2339.665000
0.428241 2342.000000
0.438565 2345.571000
0.456167 2349.223000
0.470636 2351.570000
0.483454 2355.113000
0.487554 2357.425000
0.490698 2361.082000
0.491699 2363.490000
0.492417 2367.033000
0.492633 2369.312000
0.491344 2372.876000
0.486353 2375.240000
0.474491 2378.877000
0.470013 2381.305000
0.466843 2384.959000
0.465734 2387.436000
0.465055 2390.744000
0.464800 2393.135000
0.466060 2396.723000
0.471208 2399.155000
0.484594 2402.802000
0.491157 2405.161000
0.496309 2408.795000
0.496520 2411.279000
0.490587 2414.725000
0.483018 2417.126000
0.467120 2420.845000
0.461283 2423.309000
0.457225 2426.921000
0.455912 2429.269000
0.454865 2432.893000
0.454565 2435.286000
0.454230 2438.959000
0.454232 2441.314000
0.454101 2444.857000
0.454129 2447.381000
0.454218 2450.957000
0.454154 2453.318000
0.454065 2456.936000
0.454129 2459.450000
0.454149 2463.076000
0.454152 2465.505000
0.454135 2469.055000
0.454119 2471.558000
0.454151 2475.188000
0.454143 2477.629000
0.454114 2480.057000
0.454084 2483.705000
0.454135 2486.132000
0.454170 2489.816000
0.454151 2492.235000
0.454154 2495.806000
0.454181 2498.248000
0.454076 2501.924000
0.454117 2504.353000
0.454179 2508.019000
0.454105 2510.598000
0.454060 2514.135000
0.454078 2516.587000
0.454132 2519.043000
0.454116 2522.715000
0.454092 2525.189000
0.451948 2528.915000
0.446846 2531.302000
0.433403 2535.041000
0.422737 2537.548000
0.416901 2540.021000
0.412647 2543.712000
0.411251 2546.142000
0.410180 2549.886000
0.409814 2552.313000
0.409591 2556.017000
0.409502 2558.479000
0.408580 2561.002000
0.401945 2564.619000
0.393982 2567.034000
0.385951 2570.819000
0.383496 2573.292000
0.381625 2577.009000
0.380994 2579.477000
0.380607 2583.125000
0.380477 2585.614000
0.380404 2588.115000
0.386709 2591.805000
0.394804 2594.284000
0.412583 2598.029000
0.427497 2600.531000
0.442470 2603.026000
0.463070 2606.829000
0.470183 2609.230000
0.475734 2612.967000
0.477491 2615.533000
0.478376 2618.048000
0.479252 2621.711000
0.479507 2624.256000
0.479563 2627.996000
0.479620 2630.457000
0.479648 2634.219000
0.479771 2636.718000
0.479682 2639.261000
0.479654 2643.011000
0.479752 2645.500000
0.479728 2648.047000
0.473010 2651.830000
0.465001 2654.288000
0.447292 2658.019000
0.432544 2660.514000
0.417534 2663.050000
0.395119 2666.846000
0.385198 2669.421000
0.378050 2673.157000
0.375750 2675.689000
0.377473 2678.246000
0.385422 2681.962000
0.395085 2684.604000
0.406910 2687.056000
0.429293 2690.896000
0.444104 2693.424000
0.465722 2697.114000
0.481560 2699.791000
0.495641 2702.187000
0.516040 2705.979000
0.523624 2708.612000
0.527811 2711.206000
0.530890 2714.988000
0.531692 2717.406000
0.532330 2720.052000
0.532668 2723.784000
0.532927 2726.341000
0.526610 2730.107000
0.518257 2732.723000
0.506731 2735.354000
0.485608 2739.131000
0.476217 2741.579000
0.470565 2744.240000
0.466472 2748.102000
0.465118 2750.638000
0.464392 2753.202000
0.463929 2757.012000
0.463754 2759.484000
0.463638 2762.146000
0.463556 2765.987000
0.461545 2768.516000
0.456262 2771.065000
0.442788 2774.934000
0.436032 2777.479000
0.430975 2781.392000
0.429292 2783.914000
0.428412 2786.549000
0.427864 2789.141000
0.427486 2793.006000
0.429162 2795.883000
0.437284 2799.347000
0.446389 2801.846000
0.459601 2804.560000
0.468122 2807.075000
0.474537 2810.954000
0.476574 2813.574000
0.477687 2816.166000
0.478679 2820.043000
0.478821 2822.627000
0.479008 2825.119000
0.479232 2829.048000
0.479168 2831.597000
0.479278 2834.217000
0.479263 2838.227000
0.479262 2840.759000
0.479212 2843.275000
0.479248 2847.166000
0.479249 2849.749000
0.479264 2852.355000
0.479210 2856.365000
0.479328 2858.845000
0.479271 2861.453000
0.479331 2864.195000
0.479298 2868.042000
0.479319 2870.570000
0.479274 2873.297000
0.479231 2877.200000
0.479268 2879.704000
0.477764 2882.394000
0.468877 2886.305000
0.459172 2888.932000
0.452610 2891.452000
0.448492 2894.263000
0.445763 2898.072000
0.444833 2900.835000
0.444405 2903.257000
0.443957 2907.194000
0.443783 2909.914000
0.443744 2912.447000
0.443757 2915.090000
0.443622 2919.087000
0.443742 2921.656000
0.443724 2924.455000
0.447344 2928.215000
0.453965 2930.841000
0.463969 2933.571000
0.476738 2936.232000
0.499255 2940.220000
0.513440 2942.730000
0.526626 2945.337000
0.535443 2948.332000
0.539535 2952.276000
0.536452 2954.677000
0.530423 2957.239000
0.515421 2961.303000
0.502317 2963.855000
0.487518 2966.494000
0.472477 2969.163000
0.455327 2973.137000
0.449841 2975.792000
0.446698 2978.544000
0.445063 2981.102000
0.443705 2985.086000
0.443285 2987.749000
0.443059 2990.536000
0.442943 2993.061000
0.442846 2997.056000
0.442793 2999.723000
0.442772 3002.379000
0.442766 3005.046000
0.442768 3009.088000
0.442781 3011.813000
0.442821 3014.382000
0.442822 3017.113000
0.442816 3021.172000
0.442837 3023.734000
0.442798 3026.442000
0.442778 3029.200000
0.442799 3033.144000
0.442778 3035.782000
0.442786 3038.456000
0.442735 3041.195000
0.442694 3045.262000
0.442760 3047.960000
0.442816 3050.531000
0.446526 3053.279000
0.457739 3057.317000
0.469147 3060.062000
0.483225 3062.736000
0.497453 3065.313000
0.513013 3068.117000
0.535375 3072.175000
0.549606 3074.743000
0.564473 3077.436000
0.579807 3080.250000
0.597451 3084.369000
0.602827 3086.975000
0.605000 3089.877000
0.601935 3092.376000
0.591813 3096.348000
0.581346 3099.042000
0.567666 3101.755000
0.552325 3104.533000
0.538065 3107.161000
0.515133 3111.325000
0.500831 3113.938000
0.485926 3116.653000
0.470435 3119.487000
0.456202 3122.079000
0.443269 3126.158000
0.438994 3128.981000
0.436664 3131.747000
0.435302 3134.441000
0.434640 3137.134000
0.434023 3141.222000
0.433947 3143.838000
0.433731 3146.776000
0.433758 3149.287000
0.433706 3152.016000
0.433674 3156.226000
0.433718 3158.858000
0.433721 3161.575000
0.433750 3164.409000
0.433701 3167.054000
0.433688 3171.156000
0.433712 3173.882000
0.433709 3176.623000
0.433646 3179.426000
0.433721 3182.180000
0.433662 3186.296000
0.433682 3188.973000
0.433704 3191.768000
0.433687 3194.527000
0.433694 3197.282000
0.433753 3200.046000
0.433748 3204.425000
0.433714 3206.907000
0.433627 3209.632000
0.433709 3212.293000
0.433626 3215.121000
0.433733 3219.296000
0.433724 3221.948000
0.433627 3224.691000
0.433718 3227.449000
0.433704 3230.235000
0.433629 3233.091000
0.433721 3237.222000
0.433651 3239.875000
0.433699 3242.761000
0.433779 3245.515000
0.433692 3248.173000
0.433719 3252.350000
0.433621 3255.122000
0.433687 3257.876000
0.433677 3260.749000
0.433738 3263.597000
0.433619 3266.307000
0.433687 3269.069000
0.433743 3273.239000
0.433682 3276.078000
0.433662 3278.681000
0.433607 3281.466000
0.433721 3284.246000
0.433690 3287.059000
0.433633 3291.207000
0.433714 3293.989000
0.435112 3296.864000
0.440211 3299.552000
0.448312 3302.334000
0.459567 3305.144000
0.474926 3308.177000
0.496166 3312.159000
0.505920 3314.958000
0.511258 3317.719000
0.514277 3320.515000
0.516033 3323.304000
0.515866 3326.199000
0.508782 3330.296000
0.500136 3333.128000
0.488568 3335.958000
0.474480 3338.714000
0.459579 3341.508000
0.446743 3344.292000
0.439382 3347.124000
0.435061 3350.068000
0.432023 3354.267000
0.431055 3356.982000
0.430619 3359.842000
0.430242 3362.722000
0.430102 3365.556000
0.429948 3368.319000
0.429904 3371.125000
0.429884 3375.272000
0.429828 3378.085000
0.429851 3381.042000
0.429783 3383.729000
0.429835 3386.548000
0.429791 3389.436000
0.429752 3392.219000
0.429842 3395.029000
0.431656 3398.231000
0.440289 3402.218000
0.449827 3404.993000
0.456422 3407.730000
0.460275 3410.588000
0.462562 3413.608000
0.463692 3416.263000
0.464559 3419.272000
0.464841 3422.048000
0.465138 3426.285000
0.465212 3429.033000
0.465266 3432.001000
0.465269 3434.863000
0.465302 3437.693000
0.465212 3440.521000
0.465212 3443.434000
0.465359 3446.212000
0.465353 3450.502000
0.465211 3453.219000
0.465243 3456.082000
0.465312 3458.930000
0.465323 3461.772000
0.465312 3464.633000
0.465317 3467.492000
0.465227 3470.343000
0.465309 3473.208000
0.465235 3476.068000
0.465327 3480.351000
0.465320 3483.217000
0.465363 3486.183000
0.465261 3489.017000
0.465235 3491.787000
0.465207 3494.788000
0.465232 3497.600000
0.465320 3500.389000
0.465292 3503.504000
0.465369 3506.295000
0.465315 3509.132000
0.465361 3512.007000
0.465272 3516.187000
0.465275 3519.070000
0.465258 3522.059000
0.465323 3524.815000
0.465352 3527.819000
0.465341 3530.641000
0.465295 3533.461000
0.465227 3536.622000
0.465332 3539.386000
0.465230 3542.130000
0.465309 3545.002000
0.465307 3549.439000
0.465284 3552.221000
0.465344 3555.210000
0.465400 3558.003000
0.465383 3560.889000
0.465306 3563.792000
0.465377 3566.675000
0.465346 3569.665000
0.465415 3572.632000
0.465332 3575.373000
0.465301 3578.358000
0.465352 3581.592000
0.465292 3584.161000
0.469867 3588.586000
0.472879 3590.021000
0.485782 3594.221000
0.498405 3597.129000
0.513874 3600.150000
0.529033 3603.103000
0.543454 3605.932000
0.552959 3608.738000
0.558306 3611.657000
0.557052 3614.721000
0.552440 3617.488000
0.544466 3620.504000
0.535557 3623.487000
0.530757 3626.259000
0.527823 3629.287000
0.526373 3632.142000
0.525542 3635.011000
0.525021 3638.029000
0.524561 3641.665000
0.524437 3644.037000
0.524408 3648.313000
0.524251 3651.158000
0.524209 3654.026000
0.524254 3657.008000
0.524267 3659.953000
0.524161 3662.809000
0.524231 3665.786000
0.524240 3668.716000
0.523257 3672.235000
0.520155 3674.544000
0.513418 3677.502000
0.503655 3680.525000
0.490349 3683.587000
0.478402 3686.292000
0.470451 3689.529000
0.466379 3692.425000
0.464215 3695.263000
0.462904 3698.075000
0.462222 3701.023000
0.461849 3704.034000
0.461475 3708.511000
0.461414 3710.027000
0.461302 3714.764000
0.461370 3716.301000
0.461315 3720.323000
0.461274 3723.284000
0.461246 3726.204000
0.461263 3729.181000
0.461298 3732.022000
0.461288 3735.110000
0.461170 3737.940000
0.461268 3741.396000
0.461295 3743.284000
0.461253 3746.889000
0.461245 3749.790000
0.461234 3752.902000
0.461220 3755.854000
0.461189 3758.827000
0.461242 3761.665000
0.461214 3764.765000
0.461206 3767.603000
0.461254 3770.710000
0.461287 3773.534000
0.461326 3776.641000
0.461348 3779.499000
0.461298 3782.615000
0.461259 3785.456000
0.461262 3788.434000
0.461276 3791.414000
0.461242 3794.515000
0.461265 3797.503000
0.461307 3800.360000
0.461264 3803.481000
0.461206 3806.346000
0.461256 3809.325000
0.461200 3812.397000
0.461290 3815.432000
0.461290 3818.299000
0.461284 3821.427000
0.461273 3824.282000
0.461309 3827.287000
0.461270 3830.292000
0.461248 3833.304000
0.461295 3836.375000
0.461273 3839.318000
0.461276 3842.378000
0.461309 3845.271000
0.461267 3848.275000
0.461312 3851.288000
0.461275 3854.278000
0.463129 3857.698000
0.467684 3860.247000
0.476031 3863.318000
0.485070 3866.271000
0.490533 3869.517000
0.493166 3872.320000
0.494760 3875.332000
0.495722 3878.375000
0.496264 3881.576000
0.496563 3884.376000
0.496660 3887.403000
0.496879 3890.409000
0.496796 3893.431000
0.496891 3896.456000
0.496908 3899.603000
0.493168 3902.653000
0.486582 3905.617000
0.476907 3908.661000
0.464227 3911.686000
0.449318 3914.715000
0.436671 3917.676000
0.429459 3920.660000
0.425032 3923.917000
0.422809 3926.840000
0.421571 3929.755000
0.420764 3932.905000
0.420349 3935.831000
0.420190 3938.983000
0.420045 3941.897000
0.419975 3944.935000
0.419940 3948.160000
0.419860 3951.022000
0.419871 3954.052000
0.419881 3957.211000
0.419889 3960.260000
0.419835 3963.190000
0.419890 3966.370000
0.419921 3969.286000
0.419870 3972.322000
0.419881 3975.505000
0.419897 3978.555000
0.419832 3980.096000
0.419899 3983.136000
0.419883 3986.181000
0.419908 3989.252000
0.419809 3992.338000
0.419864 3995.344000
0.419868 3998.468000
0.419895 4001.457000
0.419832 4004.522000
0.419903 4007.519000
0.419891 4010.657000
0.419818 4013.700000
0.419787 4016.708000
0.419818 4019.878000
0.419887 4022.785000
0.419836 4025.897000
0.419877 4029.106000
0.423700 4032.184000
0.430154 4035.112000
0.439585 4038.143000
0.452738 4041.348000
0.468592 4044.614000
0.477087 4047.341000
0.482677 4050.440000
0.485679 4053.526000
0.486669 4055.188000
0.488000 4058.164000
0.488784 4061.340000
0.489106 4064.451000
0.489323 4067.472000
0.489515 4070.584000
0.489603 4073.587000
0.489556 4076.773000
0.489625 4079.753000
0.489611 4082.856000
0.489631 4085.918000
0.489762 4089.023000
0.488221 4092.121000
0.482836 4095.288000
0.474951 4098.294000
0.463013 4101.571000
0.455873 4103.262000
0.442433 4106.037000
0.432587 4109.197000
0.426972 4112.379000
0.424023 4115.349000
0.422142 4118.610000
0.421254 4121.665000
0.420723 4124.652000
0.420417 4127.979000
0.420156 4130.997000
0.420133 4133.974000
0.420108 4137.085000
0.420014 4140.195000
0.420006 4143.303000
0.419959 4145.079000
0.420038 4148.115000
0.420029 4151.097000
0.419937 4154.332000
0.419935 4157.319000
0.420020 4160.436000
0.419957 4163.685000
0.420028 4166.676000
0.420033 4169.785000
0.420019 4173.069000
0.420010 4176.058000
0.419952 4179.167000
0.420028 4182.372000
0.420061 4185.421000
0.419983 4187.026000
0.420010 4190.242000
0.419947 4193.242000
0.419965 4196.372000
0.420015 4199.655000
0.419980 4202.639000
0.420020 4205.775000
0.419980 4209.019000
0.420015 4212.068000
0.419970 4215.194000
0.419992 4218.329000
0.420037 4220.026000
0.419961 4223.109000
0.423494 4226.144000
0.430227 4229.314000
0.440242 4232.596000
0.452353 4235.590000
0.461395 4238.845000
0.466194 4241.891000
0.468993 4245.165000
0.470696 4248.331000
0.471122 4250.031000
0.471789 4253.055000
0.472198 4256.074000
0.472388 4259.376000
0.472584 4262.386000
0.472545 4265.544000
0.472647 4268.741000
0.472704 4271.854000
0.472569 4275.030000
0.472693 4278.190000
0.472648 4281.336000
0.472574 4284.504000
0.472622 4286.092000
0.472728 4289.250000
0.472623 4292.409000
0.472670 4295.577000
0.472606 4298.755000
0.472659 4302.063000
0.472743 4305.084000
0.472696 4308.396000
0.472677 4311.440000
0.472624 4313.014000
0.472624 4316.187000
0.472625 4319.829000
0.472600 4322.557000
0.472624 4325.867000
0.472559 4329.097000
0.472700 4332.223000
0.472743 4335.266000
0.472637 4338.549000
0.472754 4340.162000
0.472590 4343.379000
0.472701 4346.557000
0.472641 4349.603000
0.474925 4352.762000
0.480064 4355.967000
0.489054 4359.424000
0.499551 4362.427000
0.507135 4365.518000
0.509580 4367.121000
0.513058 4370.445000
0.514802 4373.514000
0.514498 4377.161000
0.510546 4380.138000
0.503847 4383.244000
0.493963 4386.404000
0.481133 4389.542000
0.474050 4391.082000
0.464217 4394.303000
0.458662 4397.500000
0.455576 4400.717000
0.453960 4403.918000
0.452876 4407.124000
0.452394 4410.342000
0.451990 4413.541000
0.452023 4415.156000
0.451840 4418.356000
0.451743 4421.693000
0.451694 4424.791000
0.451668 4428.121000
0.451639 4431.370000
0.451623 4434.580000
0.451679 4436.122000
0.453229 4439.327000
0.458432 4442.553000
0.466416 4445.690000
0.475891 4448.975000
0.480874 4452.137000
0.483911 4455.519000
0.484809 4457.082000
0.486008 4460.356000
0.486731 4463.419000
0.487053 4466.648000
0.487277 4469.873000
0.487499 4473.247000
0.487516 4476.429000
0.487614 4478.102000
0.487560 4481.183000
0.487620 4484.421000
0.487655 4487.847000
0.487516 4491.112000
0.487594 4494.117000
0.487583 4497.366000
0.487621 4499.146000
0.487659 4502.391000
0.487591 4505.586000
0.487710 4508.848000
0.487579 4512.147000
0.487622 4515.316000
0.487623 4518.564000
0.487604 4520.245000
0.487641 4523.449000
0.487547 4526.554000
0.487641 4530.183000
0.487597 4533.052000
0.487585 4536.335000
0.487623 4539.644000
0.487618 4541.180000
0.487585 4544.603000
0.487554 4547.697000
0.487566 4550.956000
0.487635 4554.210000
0.487510 4557.635000
0.487604 4559.272000
0.487610 4562.502000
0.487616 4565.785000
0.487623 4568.945000
0.487585 4572.167000
0.487666 4575.455000
0.487541 4577.068000
0.487610 4580.421000
0.487554 4583.679000
0.487616 4586.876000
0.487572 4590.122000
0.487610 4593.396000
0.487654 4595.152000
0.487660 4598.446000
0.487597 4601.710000
0.487648 4604.943000
0.487535 4608.263000
0.487610 4610.365000
0.487616 4613.879000
0.486329 4616.456000
0.481386 4619.604000
0.472929 4622.957000
0.462024 4626.164000
0.453741 4628.206000
0.445915 4631.157000
0.440994 4634.420000
0.438080 4637.917000
0.436620 4640.955000
0.435645 4644.324000
0.435232 4647.533000
0.435016 4649.225000
0.434817 4652.486000
0.434713 4655.781000
0.434680 4659.162000
0.434678 4662.357000
0.434581 4664.199000
0.434595 4667.438000
0.434587 4670.600000
0.434567 4673.907000
0.434579 4677.315000
0.434494 4680.670000
0.434606 4682.280000
0.434581 4685.456000
0.434600 4688.759000
0.438541 4692.215000
0.444833 4695.349000
0.449831 4697.209000
0.460286 4700.302000
0.472146 4703.629000
0.479021 4707.084000
0.482743 4710.404000
0.483924 4712.092000
0.485508 4715.396000
0.484681 4719.143000
0.481234 4721.982000
0.474397 4725.174000
0.463832 4728.597000
0.457744 4730.251000
0.445509 4733.564000
0.438613 4736.918000
0.434715 4740.251000
0.432531 4743.577000
0.431887 4745.201000
0.430980 4748.455000
0.430470 4751.771000
0.430275 4755.128000
0.430103 4758.434000
0.429993 4760.130000
0.429892 4763.410000
0.431324 4766.847000
0.436451 4770.172000
0.444881 4773.569000
0.450106 4775.280000
0.462770 4778.586000
0.477408 4781.888000
0.493147 4785.411000
0.507329 4788.587000
0.514816 4790.291000
0.528731 4793.414000
0.538425 4796.754000
0.544040 4800.111000
0.546214 4804.035000
0.545147 4805.457000
0.540692 4808.539000
0.533371 4811.801000
0.522726 4815.154000
0.509215 4818.536000
0.501245 4820.282000
0.486978 4823.521000
0.473929 4826.894000
0.466223 4830.411000
0.463802 4832.079000
0.460995 4835.276000
0.458984 4838.895000
0.457995 4842.122000
0.457467 4845.516000
0.457421 4847.310000
0.457193 4850.385000
0.457077 4853.742000
0.456963 4857.259000
0.456874 4860.483000
0.456865 4862.329000
0.457045 4865.662000
0.456856 4869.033000
0.456947 4872.387000
0.458719 4874.390000
0.461979 4877.280000
0.463983 4880.661000
0.465475 4884.216000
0.466059 4887.611000
0.466317 4889.388000
0.466612 4892.693000
0.466776 4896.335000
0.466868 4899.426000
0.466795 4901.137000
0.463216 4904.452000
0.456826 4907.749000
0.447067 4911.156000
0.437099 4914.496000
0.433469 4916.212000
0.429150 4919.579000
0.429705 4922.866000
0.434474 4926.432000
0.441611 4929.641000
0.446292 4931.317000
0.458303 4934.744000
0.472871 4938.125000
0.487627 4941.518000
0.493689 4943.351000
0.500904 4946.621000
0.504748 4950.047000
0.507314 4953.391000
0.507774 4955.108000
0.509115 4958.484000
0.509342 4961.896000
0.509848 4965.281000
0.510025 4967.006000
0.506419 4970.555000
0.499963 4973.902000
0.489299 4977.689000
0.478504 4980.621000
0.469119 4982.816000
0.458478 4985.684000
0.450804 4989.117000
0.446563 4992.629000
0.445150 4994.362000
0.443671 4997.646000
0.442549 5001.220000
0.441879 5004.567000
0.441884 5006.178000
0.441536 5009.702000
0.441364 5012.980000
0.441345 5016.389000
0.441261 5018.120000
0.441274 5021.635000
0.441212 5024.980000
0.441219 5028.474000
0.441169 5030.229000
0.441341 5033.489000
0.442785 5037.020000
0.448007 5040.492000
0.452025 5042.349000
0.460830 5045.450000
0.474024 5049.006000
0.486900 5052.332000
0.494197 5055.728000
0.495659 5057.438000
0.494878 5060.976000
0.490967 5064.566000
0.488237 5066.176000
0.480401 5069.520000
0.468720 5073.053000
0.455381 5076.311000
0.447850 5078.042000
0.434459 5081.491000
0.426863 5085.085000
0.422921 5088.466000
0.421647 5090.197000
0.419823 5093.533000
0.418805 5097.112000
0.418283 5100.582000
0.418084 5102.264000
0.417763 5105.733000
0.417716 5109.177000
0.417716 5112.724000
0.417579 5114.323000
0.417654 5117.773000
0.417487 5121.238000
0.421244 5124.647000
0.424500 5126.519000
0.432420 5129.870000
0.443452 5133.310000
0.455660 5136.928000
0.458780 5138.350000
0.463742 5141.812000
0.466459 5145.319000
0.468131 5148.723000
0.468502 5150.612000
0.469180 5154.063000
0.469639 5157.529000
0.469664 5159.239000
0.469853 5162.730000
0.470028 5166.235000
0.470110 5169.532000
0.469922 5171.228000
0.470056 5175.012000
0.466375 5178.305000
0.460113 5181.618000
0.455163 5183.532000
0.446603 5186.812000
0.441177 5190.467000
0.439822 5192.053000
0.437473 5195.678000
0.436247 5198.997000
0.435653 5202.473000
0.435513 5204.362000
0.435151 5207.705000
0.435079 5211.377000
0.435097 5213.061000
0.434906 5216.582000
0.434785 5220.041000
0.434813 5223.371000
0.434792 5225.098000
0.434919 5228.731000
0.434699 5232.076000
0.434872 5235.706000
0.434793 5237.416000
0.434856 5240.897000
0.434806 5244.281000
0.434849 5246.187000
0.434693 5249.537000
0.434795 5253.163000
0.438556 5256.646000
0.441388 5258.370000
0.448014 5261.893000
0.451619 5265.347000
0.452654 5267.084000
0.454337 5270.604000
0.455070 5274.020000
0.455624 5277.664000
0.455823 5279.396000
0.455976 5282.933000
0.456143 5286.913000
0.456335 5288.253000
0.456320 5291.500000
0.456278 5295.166000
0.456310 5298.708000
0.456348 5300.453000
0.456283 5303.910000
0.456369 5307.307000
0.456446 5309.061000
0.456312 5312.755000
0.456389 5316.129000
0.456231 5319.652000
0.456265 5321.372000
0.456379 5325.000000
0.456422 5328.551000
0.456319 5330.169000
0.456324 5333.990000
0.456264 5337.203000
0.456335 5340.716000
0.456184 5342.575000
0.456292 5346.000000
0.456292 5349.521000
0.456379 5351.284000
0.456391 5354.806000
0.456401 5358.357000
0.456330 5360.135000
0.456249 5363.637000
0.456308 5367.166000
0.456314 5370.708000
0.456423 5372.482000
0.456303 5376.036000
0.456330 5379.530000
0.456423 5381.444000
0.456395 5385.060000
0.456346 5388.491000
0.456275 5390.119000
0.456375 5393.814000
0.456308 5397.353000
0.456352 5399.121000
0.456330 5402.654000
0.456379 5406.205000
0.456346 5409.728000
0.456395 5411.553000
0.456304 5415.051000
0.456390 5418.593000
0.456450 5420.371000
0.456390 5423.769000
0.456357 5427.327000
0.456215 5429.285000
0.456379 5432.640000
0.456357 5436.324000
0.456373 5438.140000
0.456433 5441.689000
0.456320 5445.087000
0.456335 5448.785000
0.456341 5450.568000
0.456369 5453.971000
0.456292 5457.682000
0.456346 5459.310000
0.456292 5462.869000
0.456401 5466.681000
0.456308 5468.437000
0.456467 5471.983000
0.456314 5475.338000
0.456330 5477.363000
0.456358 5480.846000
0.456368 5484.399000
0.456401 5486.041000
0.456271 5489.743000
0.456482 5493.410000
0.456395 5495.131000
0.456320 5498.731000
0.456270 5502.240000
0.456281 5504.104000
0.456308 5507.621000
0.456237 5511.206000
0.456244 5515.066000
0.456330 5516.558000
0.456308 5520.208000
0.456335 5523.737000
0.456292 5525.420000
0.456401 5529.046000
0.456450 5532.631000
0.456417 5534.417000
0.456324 5538.026000
0.457193 5541.945000
0.458540 5543.412000
0.463748 5547.004000
0.472074 5550.594000
0.477237 5552.426000
0.487666 5555.998000
0.493360 5559.595000
0.495293 5561.444000
0.497635 5564.983000
0.499131 5568.612000
0.499697 5570.355000
0.500087 5574.002000
0.500477 5577.621000
0.500583 5579.417000
0.500799 5582.804000
0.500806 5586.491000
0.499473 5588.158000
0.494104 5591.765000
0.486140 5595.386000
0.480923 5597.225000
0.468405 5601.576000
0.464270 5604.382000
0.462313 5606.183000
0.459914 5609.825000
0.458502 5613.643000
0.457963 5615.231000
0.457452 5618.952000
0.457109 5622.462000
0.457107 5624.259000
0.454563 5627.986000
0.449525 5631.457000
0.445679 5633.269000
0.435681 5636.873000
0.428335 5640.704000
0.426187 5642.460000
0.423222 5646.217000
0.423290 5648.110000
0.425835 5651.395000
0.431813 5655.233000
0.440395 5658.745000
0.446520 5660.776000
0.452744 5664.028000
0.456840 5667.695000
0.457900 5669.625000
0.459779 5673.267000
0.460490 5675.082000
0.460945 5678.706000
0.461584 5682.368000
0.461750 5684.147000
0.461796 5687.817000
0.461831 5691.296000
0.461988 5693.230000
0.462099 5696.860000
0.462050 5700.507000
0.462029 5702.167000
0.462021 5705.810000
0.462005 5709.437000
0.462095 5711.257000
0.462081 5714.953000
0.460521 5718.666000
0.458389 5720.434000
0.451813 5723.972000
0.441941 5727.775000
0.435901 5729.592000
0.422236 5733.103000
0.412487 5736.759000
0.409250 5738.597000
0.405020 5742.264000
0.403643 5744.057000
0.402090 5747.736000
0.401038 5751.373000
0.402138 5753.273000
0.406664 5757.038000
0.414067 5760.714000
0.418771 5762.529000
0.430463 5766.137000
0.446028 5770.041000
0.452075 5771.556000
0.461640 5775.190000
0.464955 5777.095000
0.469094 5780.753000
0.471410 5784.380000
0.472194 5786.226000
0.472981 5789.877000
0.473941 5793.607000
0.473887 5795.374000
0.474168 5799.045000
0.474252 5802.611000
0.474312 5804.439000
0.474392 5808.258000
0.474452 5811.775000
0.474457 5813.622000
0.474297 5817.279000
0.474331 5819.106000
0.474461 5822.963000
0.474529 5826.455000
0.474471 5828.428000
0.474348 5831.981000
0.476685 5835.751000
0.478863 5837.507000
0.485787 5841.242000
0.490114 5843.013000
0.501292 5846.702000
0.515069 5850.356000
0.523268 5852.380000
0.533227 5855.884000
0.537798 5859.702000
0.537935 5861.522000
0.535647 5865.230000
0.533381 5867.042000
0.528236 5870.742000
0.525299 5874.447000
0.524562 5876.306000
0.523246 5879.996000
0.522300 5883.562000
0.522197 5885.403000
0.522048 5889.099000
0.521860 5891.096000
0.521660 5894.702000
0.521521 5898.370000
0.521460 5900.349000
0.521512 5903.907000
0.520869 5907.676000
0.519440 5909.425000
0.514189 5913.207000
0.509887 5915.394000
0.500520 5918.835000
0.487714 5922.561000
0.483280 5924.320000
0.476420 5928.072000
0.472749 5931.818000
0.471527 5933.761000
0.469825 5937.444000
0.469533 5939.076000
0.468837 5942.938000
0.468462 5946.489000
0.468404 5948.451000
0.468081 5952.068000
0.468071 5954.089000
0.467919 5957.779000
0.468056 5961.331000
0.467860 5963.210000
0.468103 5966.940000
0.467871 5970.716000
0.468045 5972.641000
0.467818 5976.421000
0.468082 5978.103000
0.468010 5981.861000
0.467980 5985.545000
0.468003 5987.442000
0.465769 5991.074000
0.460366 5994.840000
0.456804 5996.705000
0.449131 6000.380000
0.446650 6002.242000
0.443158 6006.042000
0.441838 6008.413000
0.440570 6011.641000
0.439851 6015.358000
0.439600 6017.216000
0.439395 6020.956000
0.439242 6024.761000
0.439195 6026.555000
0.439128 6030.444000
0.439078 6032.311000
0.439016 6035.915000
0.438898 6039.653000
0.438903 6041.521000
0.442575 6045.224000
0.445374 6047.079000
0.453985 6050.914000
0.464856 6054.609000
0.471627 6056.558000
0.486414 6060.248000
0.493558 6062.078000
0.508756 6065.832000
0.523697 6069.593000
0.531039 6071.462000
0.545877 6075.201000
