0.500000 -96.666660
0.500000 -93.327670
0.500000 -93.126980
0.500000 -90.953030
0.500000 -87.957910
0.500000 -84.974920
0.500000 -81.885360
0.500000 -78.907280
0.498175 -75.568890
0.430384 -72.944930
0.441531 -69.963650
0.454997 -66.919080
0.456497 -63.813300
0.458587 -60.861790
0.481506 -57.840700
0.451429 -54.778560
0.414825 -51.857690
0.445946 -48.935170
0.471046 -45.938700
0.465459 -42.894550
0.465754 -39.803810
0.465760 -36.907840
0.465762 -33.950750
0.465760 -30.969850
0.465761 -27.977490
0.465761 -24.919140
0.465760 -21.794650
0.465760 -18.942350
0.465760 -15.764370
0.465760 -12.768810
0.465762 -9.799057
0.465761 -6.806923
0.465760 -3.763840
0.465760 -0.934082
0.465761 2.160530
0.465761 5.107971
0.465759 8.025940
0.465760 11.228870
0.465759 14.070560
0.465762 17.388530
0.465761 20.063790
0.465759 23.094090
0.465762 26.142200
0.465760 29.139020
0.465761 32.061520
0.465761 35.145130
0.465760 38.023830
0.465760 41.178340
0.465760 44.083530
0.465760 47.358110
0.465761 50.127240
0.465760 53.221830
0.465761 56.074800
0.465761 59.186740
0.465759 62.225220
0.465760 65.286940
0.465760 68.297160
0.465763 71.019490
0.465761 74.134200
0.465762 77.243800
0.465758 80.038220
0.465759 83.219440
0.465761 86.098040
0.465761 89.288410
0.465759 92.184330
0.465760 95.077670
0.465754 98.303090
0.465761 101.061400
0.465756 104.238100
0.465761 107.179300
0.465756 110.192500
0.465761 113.335500
0.465758 116.126900
0.465762 119.239400
0.465761 122.113100
0.465757 125.240200
0.465762 128.377700
0.465759 131.161800
0.465756 134.302200
0.465755 137.003900
0.465754 140.209700
0.465762 143.428000
0.465763 146.106600
0.465759 149.330500
0.465763 152.312700
0.465765 155.596700
0.465758 158.349000
0.465755 161.104200
0.465757 164.030100
0.465759 167.377500
0.465762 170.155100
0.465764 173.113000
0.465761 176.053600
0.465761 179.160100
0.465757 182.342500
0.465759 185.392100
0.465755 188.370800
0.465762 191.037300
0.465763 194.411100
0.465760 197.044800
0.465758 200.427700
0.465757 203.012600
0.465758 206.219600
0.465757 209.182200
0.465764 212.313000
0.465763 215.512700
0.465763 218.248100
0.465761 221.207000
0.465759 224.450200
0.465759 227.080400
0.465762 230.238300
0.465755 233.335400
0.465762 236.277600
0.472574 239.242600
0.507669 242.131800
0.525857 245.222400
0.528311 248.002700
0.528777 251.303300
0.528837 254.063000
0.528829 257.354500
0.528849 260.191200
0.528829 263.461200
0.528853 266.341700
0.528835 269.157800
0.528836 272.055500
0.528857 275.416000
0.528854 278.254300
0.528845 281.152200
0.528844 284.058400
0.528838 287.460400
0.528839 290.388800
0.528849 293.331100
0.528835 296.276300
0.528847 299.263300
0.514044 302.237900
0.502992 305.190000
0.500978 308.225200
0.500639 311.209500
0.500578 314.221400
0.500554 317.241700
0.500558 320.233400
0.500557 323.293500
0.500550 326.329600
0.500547 329.390700
0.500548 332.467500
0.500550 335.021300
0.500545 338.109400
0.500560 341.262700
0.500547 344.362900
0.500562 347.443700
0.500553 350.049800
0.500555 353.190200
0.500549 356.369500
0.500557 359.498600
0.500556 362.141100
0.500563 365.367200
0.500561 368.004100
0.500564 371.171100
0.500566 374.378600
0.500561 377.107100
0.500559 380.335300
0.500563 383.028400
0.500552 386.261500
0.500556 389.527700
0.500550 392.209000
0.500565 395.483800
0.500548 398.255500
0.500559 401.348200
0.500551 404.276500
0.500548 407.073300
0.500546 410.558600
0.500555 413.154100
0.500559 416.558500
0.500555 419.267800
0.500557 422.046300
0.500559 425.357300
0.500566 428.309700
0.500554 431.047000
0.500552 434.055500
0.500563 437.262600
0.500562 440.068600
0.500548 443.459800
0.500567 446.368500
0.500553 449.864600
0.500564 452.875500
0.500556 455.446500
0.500545 458.464000
0.500558 461.362200
0.500542 464.320600
0.500568 467.485100
0.500572 470.042500
0.500550 473.537700
0.500563 476.742300
0.500550 479.279800
0.500553 482.279500
0.500568 485.221900
0.500563 488.211300
0.500564 491.097500
0.500573 494.142400
0.500556 497.132700
0.500559 500.564600
0.500567 503.034700
0.500561 506.310200
0.500552 509.289800
0.500561 512.468600
0.500557 515.583900
0.500563 518.057900
0.500552 521.086100
0.500562 524.354600
0.500563 527.081400
0.500560 530.143100
0.500563 533.200800
0.500553 536.551800
0.500571 539.149400
0.500568 542.375300
0.500558 545.465100
0.500559 548.569800
0.503760 551.002300
0.526461 554.143800
0.562458 557.209500
0.600023 560.351600
0.636754 563.435900
0.673970 566.561500
0.703720 569.067700
0.718819 572.231300
0.729955 575.353700
0.749993 578.533900
0.745626 581.061800
0.749979 584.224700
0.750036 587.373900
0.749329 590.581200
0.738895 593.131800
0.709022 596.325300
0.671783 599.530500
0.646857 602.058200
0.644691 605.304300
0.663094 608.489400
0.669084 611.113000
0.654180 614.313000
0.621227 617.574500
0.592023 620.124000
0.554685 623.390100
0.517539 626.645400
0.487812 629.258300
0.450555 632.537100
0.425240 635.162700
0.422976 638.474700
0.436105 641.069500
0.468772 644.367700
0.498524 647.011300
0.520863 650.323600
0.513464 653.639300
0.514132 656.298700
0.514952 659.002900
0.500890 662.295600
0.492621 665.005300
0.491150 668.371900
0.489728 671.004800
0.488832 674.534300
0.487407 677.057600
0.487350 680.458400
0.485141 683.128600
0.485423 686.542400
0.483927 689.232500
0.484664 692.645500
0.484743 695.369500
0.484595 698.161700
0.484698 701.518200
0.482592 704.275700
0.484054 707.010300
0.484662 710.466400
0.483190 713.198500
0.482451 716.743400
0.483884 719.404700
0.484609 722.229900
0.482950 725.636200
0.482385 728.427300
0.484696 731.248500
0.483164 734.034700
0.482595 737.564500
0.482678 740.280300
0.482773 743.085000
0.483487 746.651300
0.483700 749.392900
0.483461 752.276800
0.483426 755.098400
0.482389 758.641400
0.482366 761.414800
0.482307 764.305500
0.482254 767.195700
0.482873 770.639200
0.482788 773.554200
0.482753 776.351000
0.480707 779.203200
0.482826 782.202800
0.482984 785.667300
0.480735 788.547400
0.482823 791.414900
0.480697 794.350200
0.478223 797.286200
0.476885 800.090500
0.474721 803.009200
0.472250 806.611500
0.470216 809.559100
0.467242 812.496600
0.467215 815.360000
0.467335 818.338900
0.469320 821.209800
0.467163 824.192500
0.468641 827.088500
0.467213 830.021300
0.467203 833.694600
0.467962 836.695600
0.465220 839.601100
0.461813 842.554300
0.456024 845.737300
0.446227 848.485300
0.430072 851.464400
0.433513 854.508000
0.429797 857.466200
0.431231 860.410000
0.429744 863.404500
0.429028 866.402300
0.431220 869.482800
0.429700 872.405800
0.429009 875.414500
0.431274 878.429100
0.429812 881.450900
0.429152 884.535400
0.431482 887.498600
0.430057 890.529900
0.429536 893.579600
0.430286 896.670100
0.430446 899.653800
0.430088 902.704700
0.431436 905.760100
0.429195 908.054300
0.430669 911.116200
0.431393 914.184100
0.429170 917.255100
0.430567 920.364400
0.431433 923.471300
0.429183 926.499400
0.430803 929.585700
0.431380 932.682300
0.429239 935.006300
0.431596 938.339400
0.430285 941.275000
0.430287 944.384300
0.430189 947.482400
0.430116 950.575200
0.430174 953.741100
0.429356 956.036400
0.429412 959.168700
0.429669 962.309800
0.429656 965.461200
0.429793 968.594100
0.432858 971.779100
0.434627 974.235000
0.435148 977.351400
0.438866 980.459400
0.446331 983.649900
0.459603 986.010400
0.465553 989.188600
0.461854 992.380100
0.470305 995.746800
0.467757 998.076300
0.470017 1001.111000
0.470176 1004.473000
0.465028 1007.549000
0.462992 1010.241000
0.450550 1013.115000
0.446270 1016.340000
0.449847 1019.827000
0.442986 1022.159000
0.437810 1025.201000
0.437092 1028.448000
0.434051 1031.710000
0.433238 1034.142000
0.430273 1037.391000
0.428803 1040.632000
0.422108 1043.072000
0.418396 1046.299000
0.415345 1049.573000
0.416084 1052.046000
0.426230 1055.262000
0.442049 1058.602000
0.442842 1061.049000
0.453074 1064.323000
0.473073 1067.618000
0.477493 1070.027000
0.469984 1073.367000
0.464235 1076.627000
0.471092 1079.148000
0.490169 1082.406000
0.499170 1085.720000
0.494683 1088.201000
0.485273 1091.545000
0.489725 1094.034000
0.488241 1097.377000
0.486609 1100.772000
0.485142 1103.183000
0.484243 1106.560000
0.484214 1109.031000
0.482043 1112.373000
0.480929 1115.718000
0.478685 1118.248000
0.479579 1121.681000
0.478831 1124.187000
0.478797 1127.497000
0.479499 1130.101000
0.477310 1133.399000
0.474889 1136.084000
0.461955 1139.315000
0.456692 1142.703000
0.452193 1145.306000
0.448422 1148.700000
0.443968 1151.241000
0.449174 1154.594000
0.444605 1157.228000
0.447874 1160.565000
0.459057 1163.130000
0.477660 1166.548000
0.478366 1169.174000
0.470216 1172.552000
0.472482 1175.131000
0.485998 1178.606000
0.501183 1181.135000
0.504989 1184.615000
0.504151 1187.198000
0.510210 1190.653000
0.510179 1193.244000
0.513882 1196.683000
0.512973 1199.323000
0.523809 1202.847000
0.539087 1205.387000
0.568016 1208.846000
0.581429 1211.467000
0.582076 1214.095000
0.571751 1217.526000
0.555886 1220.190000
0.527153 1223.644000
0.504657 1226.293000
0.481681 1229.003000
0.452531 1232.433000
0.430493 1235.030000
0.415183 1238.545000
0.417599 1241.332000
0.431159 1244.825000
0.446207 1247.369000
0.450637 1250.017000
0.443090 1253.569000
0.436443 1256.224000
0.443917 1259.769000
0.457269 1262.422000
0.470635 1265.085000
0.470007 1268.588000
0.461059 1271.264000
0.460056 1274.809000
0.468966 1277.499000
0.471201 1280.262000
0.463058 1283.835000
0.465422 1286.523000
0.467551 1289.123000
0.463872 1292.689000
0.459424 1295.375000
0.458624 1298.111000
0.450351 1301.728000
0.452587 1304.379000
0.450384 1307.074000
0.447426 1310.678000
0.445945 1313.372000
0.448300 1316.142000
0.443997 1319.802000
0.445653 1322.480000
0.443468 1325.144000
0.443355 1328.016000
0.443337 1331.550000
0.442692 1334.313000
0.443291 1337.042000
0.444112 1340.686000
0.441807 1343.418000
0.444058 1346.157000
0.441827 1349.729000
0.441066 1352.518000
0.438899 1355.265000
0.437348 1358.882000
0.434950 1361.638000
0.433510 1364.393000
0.431339 1367.210000
0.430598 1370.830000
0.428369 1373.666000
0.426185 1376.358000
0.426952 1379.122000
0.425524 1382.881000
0.423378 1385.871000
0.425345 1388.374000
0.423188 1391.166000
0.423802 1394.025000
0.423587 1397.683000
0.422902 1400.451000
0.423788 1403.372000
0.423031 1406.158000
0.422920 1409.845000
0.423728 1412.708000
0.428006 1415.368000
0.434684 1418.178000
0.440642 1421.957000
0.445162 1424.760000
0.456452 1427.591000
0.460724 1430.448000
0.456388 1433.170000
0.451773 1436.121000
0.456875 1439.756000
0.454714 1442.571000
0.459288 1445.457000
0.458024 1448.230000
0.460270 1451.067000
0.463426 1454.845000
0.470168 1457.698000
0.476945 1460.539000
0.474670 1463.385000
0.476884 1466.236000
0.477676 1469.069000
0.476858 1472.020000
0.476839 1475.750000
0.477555 1478.608000
0.476770 1481.552000
0.477449 1484.370000
0.476870 1487.206000
0.477579 1490.084000
0.477598 1493.961000
0.476824 1496.826000
0.477642 1499.648000
0.476942 1502.528000
0.477724 1505.420000
0.476974 1508.304000
0.477751 1511.197000
0.476955 1514.139000
0.476932 1517.987000
0.477819 1520.917000
0.477132 1523.777000
0.478025 1526.713000
0.477203 1529.612000
0.477940 1532.517000
0.477127 1535.438000
0.477996 1538.414000
0.477247 1541.217000
0.475494 1544.274000
0.472876 1547.269000
0.475214 1550.009000
0.472850 1553.901000
0.472618 1556.182000
0.472329 1559.729000
0.472832 1562.628000
0.471937 1565.643000
0.472290 1568.744000
0.470039 1571.448000
0.468550 1574.374000
0.466336 1577.419000
0.466457 1580.324000
0.461962 1583.268000
0.464107 1586.187000
0.463345 1589.219000
0.464048 1592.102000
0.465330 1595.144000
0.463008 1598.099000
0.465181 1601.006000
0.462980 1604.021000
0.464986 1607.027000
0.462783 1610.983000
0.464917 1613.877000
0.462553 1616.938000
0.464857 1619.919000
0.462547 1622.904000
0.464772 1625.892000
0.466035 1628.789000
0.474843 1631.784000
0.484552 1634.826000
0.484637 1637.784000
0.490950 1640.775000
0.491713 1643.803000
0.490567 1646.787000
0.494919 1649.791000
0.496230 1652.800000
0.498838 1655.817000
0.499591 1658.827000
0.503992 1661.850000
0.501858 1664.866000
0.504015 1667.967000
0.504168 1670.005000
0.504170 1674.030000
0.501976 1676.028000
0.493169 1679.029000
0.488632 1682.107000
0.482087 1685.084000
0.479914 1688.183000
0.477658 1691.210000
0.478455 1694.272000
0.479187 1697.294000
0.486005 1700.365000
0.499361 1703.409000
0.505863 1706.466000
0.501337 1709.601000
0.497086 1712.604000
0.499800 1715.652000
0.495230 1718.713000
0.487277 1721.098000
0.486098 1724.047000
0.490392 1727.178000
0.482992 1731.006000
0.474592 1733.099000
0.463912 1736.087000
0.465734 1739.395000
0.467360 1742.314000
0.460745 1745.347000
0.458403 1748.656000
0.454032 1751.785000
0.452346 1754.638000
0.450095 1757.738000
0.447858 1760.829000
0.447970 1764.156000
0.445849 1766.040000
0.448140 1769.208000
0.445822 1772.284000
0.445819 1775.418000
0.446539 1778.493000
0.448111 1781.681000
0.450405 1784.763000
0.456947 1787.839000
0.454758 1790.913000
0.455525 1793.070000
0.459980 1796.188000
0.461265 1799.309000
0.463564 1802.491000
0.470623 1805.581000
0.468460 1808.715000
0.470727 1811.863000
0.469717 1814.285000
0.471705 1817.067000
0.469565 1820.301000
0.471739 1823.453000
0.469516 1826.615000
0.471746 1829.727000
0.469438 1832.906000
0.471666 1835.056000
0.469420 1838.198000
0.471466 1841.268000
0.473807 1844.435000
0.478273 1847.643000
0.479128 1850.857000
0.483426 1853.951000
0.483115 1856.104000
0.483821 1859.271000
0.483062 1862.530000
0.485222 1865.681000
0.485954 1868.867000
0.488287 1871.058000
0.488201 1874.134000
0.487310 1877.645000
0.483084 1880.692000
0.476343 1883.820000
0.469801 1887.031000
0.468479 1889.101000
0.463825 1892.404000
0.455312 1895.473000
0.456505 1898.683000
0.454309 1901.900000
0.448910 1904.104000
0.448337 1907.339000
0.446075 1910.500000
0.444610 1913.706000
0.442224 1917.025000
0.443674 1919.130000
0.439155 1922.361000
0.438151 1925.730000
0.436223 1929.024000
0.436228 1932.039000
0.436245 1934.207000
0.436975 1937.444000
0.436213 1940.691000
0.436978 1943.941000
0.436994 1946.105000
0.436363 1949.355000
0.437076 1952.608000
0.436333 1955.867000
0.436362 1958.056000
0.437098 1961.441000
0.436387 1964.685000
0.435062 1967.812000
0.435838 1970.037000
0.433672 1973.265000
0.432155 1976.535000
0.432100 1979.839000
0.430440 1982.072000
0.432636 1985.300000
0.430367 1988.576000
0.432528 1991.862000
0.432434 1994.141000
0.431852 1997.343000
0.431157 2000.633000
0.431856 2003.928000
0.430352 2006.125000
0.432630 2009.426000
0.430281 2012.726000
0.432585 2016.020000
0.430252 2018.278000
0.427922 2021.596000
0.428763 2024.905000
0.425016 2027.123000
0.422793 2030.426000
0.418447 2033.694000
0.417650 2037.016000
0.416205 2039.222000
0.413834 2042.546000
0.412378 2045.877000
0.409180 2048.165000
0.407695 2051.491000
0.405227 2054.825000
0.402938 2057.070000
0.396259 2060.384000
0.389580 2063.731000
0.387391 2067.066000
0.388776 2069.230000
0.390277 2072.582000
0.399151 2075.928000
0.408714 2078.162000
0.428599 2081.512000
0.451333 2084.931000
0.466382 2087.194000
0.479633 2090.534000
0.480348 2093.902000
0.478909 2096.172000
0.483523 2099.565000
0.494717 2102.913000
0.503473 2105.107000
0.505671 2108.449000
0.498988 2111.892000
0.490132 2114.297000
0.473142 2117.491000
0.462140 2120.848000
0.462086 2123.099000
0.468720 2126.473000
0.480068 2129.880000
0.481602 2132.198000
0.477003 2135.638000
0.472774 2138.984000
0.474954 2141.215000
0.477439 2144.616000
0.476685 2148.110000
0.474572 2150.283000
0.476776 2153.692000
0.474505 2157.201000
0.475189 2159.384000
0.475949 2162.794000
0.475903 2165.111000
0.476612 2168.504000
0.475759 2171.972000
0.475707 2174.196000
0.477840 2177.610000
0.478640 2181.048000
0.482479 2183.397000
0.483189 2186.770000
0.486843 2189.053000
0.497957 2192.489000
0.502651 2195.992000
0.500411 2198.224000
0.498248 2201.735000
0.502563 2205.098000
0.500309 2207.429000
0.500263 2210.977000
0.500571 2213.203000
0.493981 2216.618000
0.482762 2220.083000
0.478725 2222.545000
0.470213 2225.858000
0.467991 2228.167000
0.459086 2231.640000
0.445572 2235.151000
0.442675 2237.418000
0.441002 2241.040000
0.436046 2243.206000
0.424826 2246.694000
0.423361 2249.009000
0.427770 2252.493000
0.426049 2256.137000
0.426795 2258.395000
0.427594 2261.877000
0.426050 2264.202000
0.428462 2267.669000
0.429234 2271.099000
0.430759 2273.436000
0.435186 2276.929000
0.435175 2279.278000
0.439714 2282.855000
0.446417 2285.175000
0.448495 2288.675000
0.444764 2291.040000
0.446672 2295.094000
0.444000 2298.464000
0.443953 2301.528000
0.445007 2303.128000
0.445288 2306.199000
0.444377 2309.708000
0.442214 2312.046000
0.439923 2315.574000
0.441836 2318.027000
0.437455 2321.462000
0.438972 2325.006000
0.438228 2327.371000
0.439059 2331.039000
0.439002 2333.303000
0.445563 2336.793000
0.453738 2339.146000
0.471663 2342.705000
0.485502 2345.160000
0.494039 2348.617000
0.491911 2352.167000
0.486682 2354.545000
0.485894 2358.147000
0.489430 2360.472000
0.494058 2364.020000
0.491827 2366.392000
0.489441 2369.966000
0.487222 2372.339000
0.484847 2375.992000
0.486251 2378.370000
0.485598 2381.870000
0.485616 2384.264000
0.486429 2387.912000
0.486446 2390.300000
0.482017 2393.859000
0.482017 2396.239000
0.482644 2399.834000
0.479051 2402.213000
0.478297 2405.756000
0.476731 2408.227000
0.472326 2411.804000
0.467817 2414.266000
0.467773 2417.740000
0.463910 2420.239000
0.465149 2423.752000
0.464510 2426.155000
0.459951 2429.827000
0.462237 2432.244000
0.460021 2435.783000
0.456945 2438.258000
0.455343 2441.875000
0.456100 2444.291000
0.451751 2447.841000
0.451755 2450.306000
0.452420 2453.900000
0.450950 2456.308000
0.451713 2460.169000
0.451861 2462.454000
0.453460 2465.982000
0.454237 2468.458000
0.460789 2472.040000
0.466689 2474.470000
0.467401 2478.101000
0.468947 2480.579000
0.466598 2484.263000
0.468999 2486.810000
0.471765 2489.046000
0.469564 2492.703000
0.471725 2495.132000
0.471616 2498.948000
0.471764 2501.347000
0.471073 2504.963000
0.470977 2507.493000
0.471751 2511.010000
0.471604 2513.450000
0.472362 2517.231000
0.470878 2519.951000
0.470670 2522.096000
0.468286 2525.801000
0.466869 2528.189000
0.471329 2531.821000
0.475900 2534.268000
0.478188 2538.066000
0.483172 2540.406000
0.489971 2544.098000
0.493661 2546.553000
0.500539 2549.198000
0.516097 2552.811000
0.523518 2555.301000
0.523965 2558.938000
0.520315 2561.411000
0.515799 2565.043000
0.518059 2567.589000
0.526838 2571.212000
0.536508 2573.699000
0.542519 2576.166000
0.540942 2579.925000
0.536002 2582.353000
0.522623 2586.070000
0.509843 2588.560000
0.494742 2591.069000
0.472783 2594.753000
0.461598 2597.365000
0.457181 2601.015000
0.459447 2603.527000
0.468553 2607.297000
0.475728 2609.722000
0.477264 2612.207000
0.472828 2615.951000
0.465942 2618.493000
0.457412 2622.207000
0.458131 2624.624000
0.461987 2627.221000
0.470861 2630.966000
0.470782 2633.403000
0.463076 2637.569000
0.462137 2639.659000
0.464368 2642.166000
0.471126 2645.949000
0.470430 2648.455000
0.463679 2652.224000
0.455775 2654.663000
0.444688 2657.171000
0.422801 2660.984000
0.412196 2663.577000
0.407940 2666.013000
0.410106 2669.794000
0.415113 2672.257000
0.426498 2676.102000
0.431036 2679.031000
0.436563 2681.073000
0.451930 2684.868000
0.466156 2687.440000
0.482135 2690.126000
0.499564 2693.967000
0.503344 2696.216000
0.505488 2700.012000
0.510741 2702.612000
0.516610 2705.090000
0.514964 2709.020000
0.509988 2711.413000
0.509251 2715.287000
0.507307 2717.747000
0.508128 2720.357000
0.508861 2724.218000
0.507377 2726.743000
0.509584 2729.197000
0.508616 2732.012000
0.501839 2735.760000
0.494250 2738.097000
0.476499 2741.924000
0.461498 2744.475000
0.448019 2747.060000
0.439135 2750.874000
0.439903 2753.406000
0.443699 2756.023000
0.447973 2759.866000
0.445666 2762.507000
0.442646 2765.241000
0.444571 2768.863000
0.444575 2771.300000
0.444696 2774.091000
0.446192 2777.759000
0.445616 2780.300000
0.444756 2784.162000
0.446343 2786.829000
0.444142 2789.327000
0.444053 2793.230000
0.446302 2795.719000
0.445625 2798.285000
0.444882 2802.258000
0.444940 2804.845000
0.446688 2807.268000
0.444390 2811.139000
0.446614 2813.756000
0.445966 2816.337000
0.446697 2820.228000
0.446736 2822.754000
0.446305 2825.417000
0.447848 2828.016000
0.448835 2831.872000
0.448154 2834.458000
0.448268 2837.109000
0.449068 2840.995000
0.448981 2843.592000
0.449038 2846.178000
0.448240 2850.084000
0.448233 2852.678000
0.448285 2855.198000
0.449022 2859.088000
0.448950 2861.717000
0.448946 2864.282000
0.448282 2868.195000
0.448404 2870.790000
0.448347 2873.412000
0.448287 2876.012000
0.448888 2879.947000
0.450430 2882.740000
0.450287 2885.134000
0.451312 2889.113000
0.451263 2891.731000
0.451625 2894.723000
0.449640 2898.223000
0.451956 2900.886000
0.451467 2903.545000
0.450071 2906.145000
0.452330 2910.073000
0.450052 2912.696000
0.450800 2915.322000
0.451342 2919.643000
0.451054 2921.873000
0.451158 2924.503000
0.451091 2927.179000
0.453458 2930.991000
0.453562 2933.792000
0.457101 2936.285000
0.468199 2940.228000
0.472913 2942.923000
0.472072 2945.551000
0.474242 2948.133000
0.476418 2952.095000
0.477101 2954.729000
0.477162 2957.593000
0.480599 2960.021000
0.481561 2963.995000
0.485208 2966.709000
0.492673 2969.593000
0.507292 2973.286000
0.521381 2975.921000
0.536120 2978.557000
0.546717 2981.234000
0.551323 2985.232000
0.549005 2987.918000
0.543800 2990.596000
0.535263 2993.331000
0.517202 2997.349000
0.503448 2999.815000
0.488166 3002.549000
0.473093 3005.233000
0.450776 3009.244000
0.437881 3011.807000
0.430176 3014.549000
0.428648 3017.248000
0.433212 3021.243000
0.439845 3023.881000
0.442875 3026.625000
0.440702 3029.288000
0.438469 3033.176000
0.442144 3035.851000
0.448744 3038.522000
0.458676 3041.275000
0.480223 3045.552000
0.493238 3047.906000
0.508496 3050.654000
0.518671 3053.297000
0.523241 3056.025000
0.525321 3059.966000
0.530477 3062.662000
0.536499 3065.375000
0.536442 3068.041000
0.538675 3072.080000
0.540727 3074.910000
0.541691 3077.677000
0.542907 3080.168000
0.547161 3084.213000
0.552091 3086.937000
0.557240 3089.627000
0.565635 3092.371000
0.576754 3095.056000
0.597872 3099.046000
0.608832 3101.885000
0.613031 3104.470000
0.612174 3107.173000
0.605465 3111.272000
0.597126 3114.064000
0.586184 3116.699000
0.572208 3119.362000
0.556892 3122.181000
0.532825 3126.562000
0.520257 3128.856000
0.505401 3131.584000
0.490171 3134.345000
0.475294 3137.058000
0.452574 3141.230000
0.438023 3143.899000
0.422984 3146.643000
0.410081 3149.259000
0.402486 3152.047000
0.401797 3156.159000
0.405896 3159.170000
0.411668 3161.544000
0.419385 3164.353000
0.420933 3167.123000
0.416513 3171.187000
0.416546 3173.840000
0.420194 3176.559000
0.426828 3179.290000
0.436641 3182.026000
0.443420 3186.137000
0.441237 3188.904000
0.442053 3191.760000
0.445646 3194.363000
0.450254 3197.098000
0.451093 3200.234000
0.458073 3204.331000
0.459296 3206.710000
0.457105 3209.466000
0.457909 3212.283000
0.458467 3216.498000
0.460612 3219.083000
0.459855 3221.998000
0.458395 3224.661000
0.460523 3227.341000
0.459780 3230.123000
0.460626 3234.268000
0.460732 3237.227000
0.458393 3239.941000
0.459255 3242.554000
0.460724 3245.420000
0.458554 3248.204000
0.460844 3252.300000
0.460022 3254.993000
0.458447 3257.868000
0.460673 3260.555000
0.459892 3263.305000
0.459931 3266.069000
0.460465 3270.229000
0.460508 3273.005000
0.460431 3275.915000
0.460403 3278.557000
0.461898 3281.400000
0.462303 3284.100000
0.463045 3288.337000
0.464398 3291.065000
0.462246 3293.888000
0.462925 3296.774000
0.464197 3299.474000
0.464229 3302.207000
0.464924 3306.376000
0.463541 3309.180000
0.465841 3312.131000
0.468697 3314.756000
0.468460 3317.617000
0.472244 3320.482000
0.478671 3323.131000
0.487608 3327.344000
0.486910 3330.151000
0.489219 3332.980000
0.488384 3335.716000
0.486689 3338.554000
0.488970 3341.395000
0.488199 3344.187000
0.486846 3348.398000
0.483791 3351.255000
0.486177 3354.229000
0.485458 3356.767000
0.481636 3359.658000
0.476943 3362.782000
0.477765 3365.224000
0.475574 3368.013000
0.473086 3372.222000
0.470936 3375.053000
0.470122 3377.978000
0.468730 3380.770000
0.468625 3383.550000
0.467152 3386.354000
0.469419 3389.271000
0.468781 3392.101000
0.467931 3396.221000
0.469656 3399.188000
0.467534 3401.888000
0.468247 3404.746000
0.469760 3407.562000
0.467426 3410.458000
0.468183 3413.203000
0.469619 3416.040000
0.467462 3420.281000
0.469640 3423.155000
0.468891 3425.951000
0.467262 3428.892000
0.469582 3431.707000
0.468844 3434.473000
0.467279 3437.311000
0.469711 3440.407000
0.468926 3443.055000
0.468408 3447.234000
0.469865 3450.074000
0.467626 3453.042000
0.468227 3455.807000
0.469739 3458.647000
0.467509 3461.503000
0.468206 3464.466000
0.469661 3467.198000
0.467530 3470.051000
0.469596 3474.358000
0.468926 3477.235000
0.467297 3480.079000
0.469485 3482.883000
0.468697 3485.954000
0.467310 3488.716000
0.469597 3491.622000
0.468825 3494.524000
0.467387 3497.231000
0.469731 3500.099000
0.469014 3503.044000
0.468201 3507.365000
0.469801 3510.143000
0.469822 3512.995000
0.471261 3515.995000
0.471322 3518.749000
0.474963 3521.612000
0.475005 3524.492000
0.473544 3527.382000
0.475751 3530.238000
0.478880 3533.137000
0.476706 3536.069000
0.476533 3540.442000
0.476583 3543.329000
0.476439 3546.099000
0.476426 3548.991000
0.476372 3551.990000
0.476441 3554.827000
0.476391 3557.739000
0.476348 3560.649000
0.476421 3563.531000
0.476410 3566.415000
0.476378 3569.336000
0.476330 3572.211000
0.476437 3575.023000
0.476399 3578.028000
0.477141 3582.311000
0.480858 3585.194000
0.480837 3588.049000
0.482899 3590.926000
0.488076 3593.844000
0.496206 3596.739000
0.505150 3599.643000
0.508160 3602.578000
0.505938 3605.444000
0.500716 3608.429000
0.499407 3611.357000
0.501497 3614.198000
0.506666 3617.106000
0.515197 3620.141000
0.519698 3624.443000
0.517422 3627.297000
0.512240 3630.312000
0.503493 3633.376000
0.493337 3636.060000
0.485346 3639.081000
0.483830 3642.015000
0.486057 3644.884000
0.491509 3647.828000
0.492772 3650.683000
0.490268 3653.814000
0.487567 3656.657000
0.489535 3659.446000
0.494938 3662.412000
0.503246 3665.396000
0.514298 3668.305000
0.528576 3671.280000
0.542982 3674.106000
0.553652 3677.164000
0.557918 3681.529000
0.555689 3684.391000
0.550638 3687.324000
0.542038 3690.352000
0.531261 3693.212000
0.516802 3696.211000
0.504262 3698.712000
0.487296 3702.054000
0.472474 3704.991000
0.457682 3707.922000
0.442826 3710.877000
0.428020 3713.810000
0.413050 3716.789000
0.398087 3719.748000
0.387258 3722.848000
0.382962 3725.680000
0.383590 3728.632000
0.387270 3731.576000
0.393966 3734.527000
0.403644 3737.477000
0.416441 3740.481000
0.425429 3743.444000
0.428314 3746.365000
0.428290 3749.313000
0.432119 3752.353000
0.438678 3755.233000
0.441727 3758.293000
0.439489 3761.244000
0.436579 3764.136000
0.438782 3767.091000
0.441860 3770.363000
0.439820 3773.117000
0.440461 3776.018000
0.441942 3779.351000
0.442121 3782.075000
0.443614 3785.026000
0.443544 3788.017000
0.448048 3792.399000
0.454967 3795.501000
0.457815 3798.365000
0.457777 3801.437000
0.459131 3804.324000
0.459181 3807.338000
0.460729 3810.302000
0.460650 3813.305000
0.460671 3816.405000
0.461459 3818.034000
0.460759 3822.408000
0.460703 3825.262000
0.460618 3828.378000
0.460668 3831.454000
0.462792 3834.361000
0.462140 3837.236000
0.460566 3840.232000
0.460568 3843.346000
0.462640 3846.232000
0.462073 3849.243000
0.460537 3852.363000
0.462691 3855.241000
0.461932 3858.242000
0.460570 3861.376000
0.460505 3864.247000
0.460610 3867.265000
0.460549 3870.384000
0.460684 3873.296000
0.460597 3876.288000
0.460657 3879.509000
0.460584 3882.433000
0.460487 3885.342000
0.460522 3888.459000
0.460579 3891.362000
0.460551 3894.387000
0.461358 3896.008000
0.460601 3900.483000
0.460620 3903.432000
0.459011 3905.055000
0.459706 3908.008000
0.457563 3912.540000
0.456760 3914.167000
0.456684 3917.148000
0.453084 3920.075000
0.452852 3923.244000
0.450522 3926.293000
0.445554 3929.160000
0.443432 3932.271000
0.443330 3935.326000
0.441900 3938.285000
0.442001 3941.367000
0.437823 3944.705000
0.438036 3947.370000
0.440039 3950.486000
0.437381 3953.879000
0.436700 3956.482000
0.436693 3960.058000
0.435768 3962.803000
0.433578 3965.708000
0.434179 3968.669000
0.431901 3971.868000
0.431189 3974.824000
0.431158 3977.895000
0.427148 3981.125000
0.427259 3983.964000
0.428809 3986.960000
0.426311 3990.362000
0.426994 3993.128000
0.424802 3996.130000
0.425554 3999.330000
0.425561 4002.303000
0.425456 4005.334000
0.425545 4008.498000
0.424776 4010.023000
0.427477 4013.583000
0.428201 4016.047000
0.431907 4019.175000
0.438760 4022.268000
0.448366 4025.300000
0.454097 4028.280000
0.454009 4031.607000
0.452716 4034.421000
0.454875 4037.564000
0.457667 4040.588000
0.455481 4043.720000
0.456104 4046.718000
0.457570 4049.813000
0.457649 4052.889000
0.457639 4056.141000
0.457563 4059.039000
0.457522 4062.127000
0.457724 4065.346000
0.457613 4068.379000
0.457699 4071.764000
0.457952 4074.445000
0.457146 4076.096000
0.455467 4079.163000
0.455580 4082.235000
0.451984 4085.244000
0.451581 4088.342000
0.453173 4091.695000
0.451045 4094.500000
0.451942 4098.247000
0.451195 4100.027000
0.449600 4103.807000
0.450313 4106.889000
0.451795 4109.986000
0.449620 4113.095000
0.450220 4116.288000
0.447840 4119.593000
0.448599 4122.502000
0.447802 4124.208000
0.447944 4127.138000
0.446398 4130.280000
0.448561 4133.405000
0.447975 4136.458000
0.446284 4139.597000
0.448646 4142.712000
0.447856 4145.813000
0.446325 4148.939000
0.448626 4152.040000
0.447909 4155.114000
0.446366 4158.292000
0.448736 4161.424000
0.447971 4164.564000
0.446507 4166.093000
0.447242 4169.208000
0.448657 4172.349000
0.446529 4175.467000
0.447227 4178.592000
0.448639 4181.598000
0.446415 4184.708000
0.447249 4187.836000
0.448726 4190.957000
0.446543 4194.085000
0.447289 4197.223000
0.448775 4200.373000
0.446641 4203.478000
0.446578 4205.048000
0.448861 4208.175000
0.448075 4211.384000
0.446536 4214.556000
0.448785 4217.589000
0.447979 4220.856000
0.446540 4223.897000
0.448819 4227.126000
0.448075 4230.155000
0.446610 4233.320000
0.448917 4236.552000
0.448949 4238.014000
0.446663 4241.268000
0.447439 4244.305000
0.449055 4247.645000
0.446811 4250.698000
0.447645 4253.847000
0.447642 4257.009000
0.447592 4260.131000
0.447552 4263.212000
0.447615 4266.372000
0.446786 4268.043000
0.446839 4271.118000
0.446795 4274.390000
0.446709 4277.505000
0.446873 4280.673000
0.446750 4284.009000
0.448949 4287.122000
0.448361 4290.136000
0.450514 4293.277000
0.451265 4296.436000
0.452826 4298.034000
0.453550 4301.232000
0.454920 4304.293000
0.455008 4307.484000
0.456480 4310.779000
0.458406 4313.880000
0.459406 4317.420000
0.459600 4320.300000
0.461289 4322.069000
0.461516 4326.856000
0.462653 4328.167000
0.465638 4331.394000
0.463480 4334.520000
0.464282 4337.693000
0.468085 4341.004000
0.468032 4344.125000
0.466668 4347.252000
0.468879 4350.509000
0.470984 4352.021000
0.471019 4355.224000
0.469448 4358.327000
0.471727 4361.646000
0.474617 4364.792000
0.474617 4367.979000
0.475998 4371.129000
0.478719 4374.841000
0.478029 4377.468000
0.478744 4379.070000
0.480380 4382.341000
0.480452 4385.654000
0.480432 4388.805000
0.480335 4392.007000
0.480308 4395.083000
0.480281 4398.281000
0.480389 4401.715000
0.479697 4403.309000
0.478315 4406.448000
0.480462 4409.495000
0.479689 4412.827000
0.478389 4415.908000
0.480598 4419.224000
0.479770 4422.496000
0.478380 4424.049000
0.479143 4427.272000
0.480625 4430.491000
0.478396 4433.663000
0.479194 4436.951000
0.480593 4440.149000
0.478330 4443.301000
0.479176 4446.436000
0.480780 4448.186000
0.480096 4451.267000
0.478514 4454.487000
0.480717 4457.721000
0.480070 4460.933000
0.478549 4464.171000
0.480847 4467.385000
0.480847 4469.342000
0.480790 4472.309000
0.482257 4475.487000
0.484539 4478.802000
0.484002 4481.991000
0.486177 4485.226000
0.489232 4488.618000
0.488529 4490.080000
0.490725 4493.219000
0.493796 4496.497000
0.493826 4499.704000
0.495278 4502.917000
0.492936 4506.284000
0.493787 4509.563000
0.495098 4511.054000
0.494303 4514.631000
0.492950 4517.544000
0.490626 4520.848000
0.485515 4524.030000
0.479397 4527.306000
0.477195 4530.503000
0.475081 4532.138000
0.472671 4535.556000
0.467721 4538.649000
0.466141 4541.892000
0.466084 4545.147000
0.464538 4548.407000
0.463705 4550.190000
0.462408 4553.568000
0.462395 4556.538000
0.460807 4559.832000
0.463142 4563.159000
0.462459 4566.335000
0.460621 4568.325000
0.461262 4571.238000
0.464964 4574.482000
0.469526 4577.857000
0.470261 4581.008000
0.473829 4584.271000
0.480594 4587.598000
0.484999 4589.192000
0.494218 4592.595000
0.497068 4595.802000
0.494900 4599.101000
0.489943 4602.289000
0.481760 4605.536000
0.478696 4607.246000
0.477185 4610.461000
0.479458 4613.729000
0.482489 4617.006000
0.480173 4620.396000
0.474954 4623.643000
0.471164 4625.320000
0.461868 4628.488000
0.451309 4631.771000
0.446778 4635.063000
0.447501 4638.324000
0.449142 4640.092000
0.454160 4643.261000
0.460367 4646.708000
0.460381 4649.864000
0.456619 4653.151000
0.452187 4656.448000
0.452160 4658.147000
0.454268 4661.388000
0.457313 4664.679000
0.454904 4668.125000
0.452204 4671.276000
0.453014 4673.062000
0.456348 4676.212000
0.456509 4679.502000
0.458718 4682.851000
0.458020 4686.101000
0.460211 4689.506000
0.462498 4691.150000
0.469353 4694.565000
0.477041 4697.879000
0.478330 4701.294000
0.480355 4704.291000
0.483080 4706.352000
0.483119 4709.259000
0.481694 4712.560000
0.483850 4715.877000
0.489063 4719.202000
0.495009 4722.510000
0.495768 4724.160000
0.493523 4727.484000
0.488336 4730.804000
0.486934 4734.112000
0.486931 4737.431000
0.485318 4739.205000
0.480403 4742.413000
0.479000 4745.851000
0.476781 4749.167000
0.474255 4751.067000
0.474299 4754.161000
0.472113 4757.380000
0.472808 4760.716000
0.472774 4764.169000
0.476424 4767.453000
0.479542 4769.168000
0.487570 4772.469000
0.499397 4775.953000
0.512810 4779.125000
0.527225 4782.346000
0.534868 4784.101000
0.549571 4787.360000
0.560857 4791.048000
0.564927 4794.197000
0.564917 4796.179000
0.562814 4799.104000
0.557753 4802.402000
0.549546 4805.741000
0.538122 4809.158000
0.524171 4812.435000
0.516535 4814.186000
0.502046 4817.458000
