0.500000 -96.666660
0.500000 -93.327670
0.500000 -93.126980
0.500000 -90.923880
0.500000 -87.880660
0.500000 -84.901530
0.500000 -81.888400
0.500000 -78.945910
0.500000 -75.903980
0.500000 -72.925080
0.500000 -69.979710
0.500001 -66.926540
0.500000 -63.817130
0.500000 -60.853310
0.500001 -57.846390
0.500000 -54.805360
0.500000 -51.851500
0.500001 -48.789660
0.500000 -45.836560
0.499999 -42.787280
0.500001 -39.871550
0.500000 -36.904220
0.499999 -33.977220
0.500001 -30.784900
0.500000 -27.991390
0.499999 -24.987200
0.500000 -21.952790
0.500000 -18.846510
0.499998 -15.929550
0.500001 -12.996890
0.499997 -9.811951
0.499997 -6.811600
0.500001 -3.893227
0.499198 -0.953980
0.445113 2.062553
0.394796 5.246338
0.392008 8.078835
0.391844 11.270610
0.391837 14.204800
0.391839 17.171200
0.391840 20.148540
0.391839 23.168500
0.391838 26.215150
0.406509 29.260510
0.459482 32.030910
0.468444 35.155880
0.468945 38.333710
0.468974 41.187730
0.468971 44.053480
0.468971 47.287490
0.468975 50.219940
0.468973 53.175340
0.468973 56.160980
0.468975 59.159210
0.469971 62.300090
0.470460 65.240480
0.454538 68.298140
0.468027 71.119130
0.464109 74.270490
0.458579 77.339830
0.457731 80.144270
0.457645 83.299040
0.457639 86.141980
0.468521 89.063420
0.472769 92.322070
0.476282 95.160110
0.482129 98.092560
0.482977 101.046600
0.481190 104.069900
0.466069 107.319700
0.495596 110.000200
0.491444 113.334400
0.489537 116.370100
0.489348 119.036400
0.484432 122.192600
0.463063 125.186800
0.485806 128.348400
0.490588 131.052800
0.491255 134.158600
0.491324 137.349500
0.491330 140.088900
0.484582 143.302400
0.474358 146.114500
0.510638 149.327700
0.518807 152.192700
0.519415 155.026900
0.519499 158.296600
0.519513 161.180000
0.519511 164.069100
0.499235 167.391000
0.454805 170.279900
0.443687 173.227000
0.442232 176.178100
0.442040 179.139200
0.442014 182.126600
0.442009 185.279200
0.442009 188.151900
0.442010 191.156900
0.442010 194.208000
0.442012 197.270900
0.442011 200.322100
0.442015 203.397500
0.442008 206.042700
0.442011 209.103400
0.442014 212.219300
0.442009 215.384200
0.442003 218.035900
0.442008 221.241800
0.442011 224.408900
0.442007 227.093300
0.442025 230.326200
0.442013 233.038200
0.442010 236.297400
0.442011 239.029500
0.442010 242.277300
0.448670 245.070400
0.473045 248.348300
0.477210 251.207200
0.477959 254.455700
0.478044 257.298200
0.478072 260.139600
0.478069 263.514400
0.478063 266.384000
0.478073 269.264800
0.478070 272.154800
0.478061 275.066700
0.489600 278.005700
0.504547 281.365600
0.506507 284.292000
0.506850 287.241100
0.506917 290.169900
0.496780 293.127600
0.465020 296.160000
0.455764 299.110900
0.454106 302.126600
0.453806 305.136300
0.453763 308.151600
0.453752 311.190900
0.453755 314.210800
0.453758 317.254800
0.453756 320.310700
0.453754 323.337700
0.453757 326.417900
0.453752 329.019200
0.453756 332.128600
0.453752 335.184800
0.453757 338.300300
0.453756 341.476600
0.453752 344.122400
0.453754 347.226700
0.453751 350.404600
0.453751 353.018900
0.453746 356.192400
0.453744 359.379900
0.453747 362.040400
0.453748 365.238000
0.453758 368.439900
0.453762 371.092100
0.453746 374.322400
0.453752 377.020600
0.453759 380.316300
0.453762 383.003400
0.453759 386.254200
0.453759 389.048600
0.453760 392.359200
0.453756 395.246000
0.453760 398.318200
0.453756 401.080800
0.453743 404.581100
0.453760 407.357500
0.453754 410.276300
0.453743 413.013800
0.453755 416.605000
0.453759 419.538000
0.453755 422.306800
0.453761 425.130300
0.453751 428.499600
0.453747 431.396400
0.453760 434.266200
0.453759 437.169300
0.453753 440.009700
0.453761 443.360100
0.453753 446.120300
0.453754 449.005000
0.453751 452.477300
0.453753 455.605800
0.453759 458.805000
0.453755 461.851700
0.453755 464.177700
0.453757 467.028900
0.453755 470.453200
0.453762 473.435900
0.453747 476.277900
0.453760 479.257900
0.453753 482.219300
0.453751 485.143400
0.453767 488.109300
0.453757 491.079000
0.453751 494.042600
0.453767 497.132300
0.453756 500.586400
0.453749 503.580400
0.453745 506.063600
0.453756 509.159700
0.453762 512.021500
0.453755 515.132100
0.450535 518.045600
0.428242 521.088600
0.391666 524.143100
0.359184 527.259400
0.349836 530.280000
0.347599 533.303200
0.347051 536.378200
0.346924 539.453600
0.346897 542.546300
0.346888 545.081900
0.346885 548.171500
0.346887 551.234100
0.346893 554.353800
0.353870 557.570900
0.372832 560.010900
0.409306 563.144800
0.446610 566.294900
0.481174 569.364600
0.494038 572.541600
0.496763 575.057900
0.497722 578.229200
0.497944 581.407700
0.498011 584.580400
0.491470 587.120400
0.470972 590.376000
0.464340 593.529800
0.462918 596.096300
0.462386 599.309800
0.462285 602.533900
0.460100 605.109000
0.441708 608.335200
0.429664 611.585100
0.427100 614.182100
0.426196 617.465100
0.423732 620.079500
0.405281 623.308200
0.380748 626.619600
0.375014 629.204200
0.372947 632.511700
0.372501 635.176300
0.372343 638.511100
0.372303 641.147300
0.372305 644.381200
0.382671 647.032400
0.412393 650.356500
0.442037 653.014300
0.459320 656.365700
0.462940 659.044700
0.464212 662.390600
0.464495 665.110500
0.464605 668.474100
0.464645 671.129200
0.464621 674.506800
0.464633 677.209000
0.464627 680.593200
0.464625 683.340500
0.464643 686.088600
0.464643 689.435200
0.464623 692.166100
0.464626 695.591400
0.464617 698.330100
0.464626 701.144800
0.464618 704.509400
0.464630 707.276600
0.464619 710.092500
0.464643 713.483900
0.464644 716.252000
0.464623 719.032200
0.464635 722.499000
0.464615 725.313700
0.464616 728.081800
0.464628 731.630900
0.464628 734.420800
0.464625 737.224200
0.464628 740.050100
0.464631 743.582500
0.464616 746.324600
0.464631 749.140700
0.464643 752.033900
0.464615 755.576400
0.464629 758.346300
0.464608 761.196000
0.464643 764.095900
0.464634 767.606300
0.464635 770.519200
0.464627 773.321500
0.464631 776.250100
0.464624 779.065300
0.464611 782.325500
0.464626 785.212600
0.464612 788.406100
0.464636 791.357800
0.464638 794.234600
0.464637 797.608200
0.464636 800.043500
0.464633 803.006000
0.464630 807.374500
0.462308 809.942300
0.450071 812.457400
0.427766 815.305100
0.417354 818.252100
0.413973 821.281600
0.412969 824.114300
0.412650 827.049500
0.412511 830.790300
0.412505 833.752000
0.412482 836.646500
0.412502 839.609100
0.412501 842.668500
0.412504 845.591200
0.412472 848.568800
0.412491 851.602700
0.412487 854.530600
0.412490 857.464500
0.412469 860.510900
0.412502 863.533100
0.412489 866.496800
0.412507 869.506200
0.412484 872.516100
0.412488 875.537300
0.412487 878.498200
0.412478 881.568600
0.412481 884.549400
0.412506 887.673500
0.412498 890.634200
0.412488 893.671400
0.412505 896.007800
0.412495 899.074000
0.412484 902.312600
0.412486 905.113900
0.412493 908.221900
0.412482 911.241700
0.412481 914.323700
0.412477 917.468000
0.418643 920.520800
0.435870 923.593900
0.443909 926.671300
0.446460 929.819900
0.447149 932.133400
0.437540 935.197900
0.417907 938.343500
0.408999 941.455400
0.406160 944.593300
0.405301 947.659900
0.405048 950.040000
0.404943 953.163100
0.404896 956.322300
0.404870 959.450200
0.409056 962.710700
0.424598 965.672000
0.438372 968.028700
0.445307 971.199600
0.447500 974.374900
0.448183 977.522900
0.448417 980.752300
0.448479 983.080200
0.448512 986.248000
0.448509 989.429000
0.448510 992.656700
0.448518 995.035000
0.448513 998.209500
0.448529 1001.463000
0.444863 1004.613000
0.433738 1007.017000
0.408540 1010.217000
0.392878 1013.509000
0.388168 1016.667000
0.386819 1019.147000
0.386181 1022.323000
0.385960 1025.617000
0.385916 1028.851000
0.385898 1031.281000
0.385870 1034.527000
0.385883 1037.707000
0.385878 1040.148000
0.385885 1043.402000
0.387535 1046.808000
0.396121 1049.125000
0.412785 1052.456000
0.418689 1055.682000
0.420344 1058.228000
0.421130 1061.488000
0.421383 1064.701000
0.421447 1067.169000
0.422237 1070.453000
0.432607 1073.751000
0.446216 1076.213000
0.454468 1079.538000
0.456663 1082.087000
0.457770 1085.448000
0.458081 1088.726000
0.458188 1091.224000
0.458220 1094.548000
0.458233 1097.045000
0.458243 1100.392000
0.458266 1103.654000
0.458239 1106.170000
0.458260 1109.510000
0.458245 1112.111000
0.458246 1115.453000
0.465411 1118.744000
0.478646 1121.257000
0.495853 1124.706000
0.500183 1127.234000
0.502338 1130.614000
0.499581 1133.066000
0.484250 1136.462000
0.455992 1140.032000
0.436559 1142.486000
0.426931 1145.024000
0.422112 1148.426000
0.420580 1151.829000
0.420204 1154.313000
0.419997 1157.002000
0.419914 1160.356000
0.430346 1163.783000
0.446094 1166.375000
0.463927 1169.689000
0.468909 1172.278000
0.471380 1175.729000
0.472041 1178.313000
0.472366 1181.750000
0.472462 1184.391000
0.472517 1187.794000
0.472502 1190.385000
0.472514 1193.035000
0.476840 1196.517000
0.488247 1199.152000
0.512589 1202.502000
0.533456 1205.168000
0.540831 1208.603000
0.535254 1211.210000
0.517441 1214.691000
0.496524 1217.326000
0.468216 1220.883000
0.458668 1223.512000
0.454666 1226.143000
0.452695 1229.571000
0.452175 1232.206000
0.451917 1235.083000
0.455361 1238.351000
0.466493 1241.029000
0.491963 1244.598000
0.504455 1247.203000
0.510896 1250.766000
0.512662 1253.421000
0.513360 1256.088000
0.513703 1259.636000
0.510084 1262.273000
0.498599 1265.016000
0.474050 1268.473000
0.453740 1271.108000
0.442166 1274.686000
0.439040 1277.364000
0.437693 1280.101000
0.437075 1283.704000
0.436906 1286.308000
0.436814 1289.885000
0.436800 1292.583000
0.436791 1295.282000
0.436768 1298.884000
0.436790 1301.592000
0.436790 1304.288000
0.436807 1307.886000
0.436795 1310.598000
0.436774 1313.311000
0.436790 1316.080000
0.436779 1319.702000
0.436764 1322.431000
0.436759 1325.157000
0.436791 1328.791000
0.436786 1331.444000
0.436773 1334.165000
0.436789 1337.888000
0.436778 1340.625000
0.436784 1343.373000
0.436811 1346.121000
0.436779 1349.689000
0.436787 1352.531000
0.436801 1355.259000
0.436797 1358.013000
0.436780 1361.618000
0.436767 1364.446000
0.436804 1367.150000
0.429079 1370.925000
0.416063 1373.594000
0.401614 1376.547000
0.396311 1379.121000
0.393380 1382.828000
0.392612 1385.645000
0.392298 1388.383000
0.392156 1391.167000
0.392105 1394.053000
0.398802 1397.733000
0.412159 1400.521000
0.431720 1403.249000
0.444682 1406.058000
0.451251 1409.857000
0.452973 1412.660000
0.453712 1415.390000
0.453964 1418.205000
0.454170 1421.010000
0.454204 1424.862000
0.454226 1427.627000
0.454193 1430.396000
0.454217 1433.337000
0.454200 1436.049000
0.454207 1439.900000
0.454229 1442.646000
0.454244 1445.480000
0.454253 1448.399000
0.454230 1451.233000
0.454205 1454.082000
0.454256 1457.787000
0.454224 1460.732000
0.454193 1463.576000
0.454242 1466.424000
0.454220 1469.292000
0.454230 1472.203000
0.454230 1475.857000
0.454191 1478.716000
0.454244 1481.582000
0.454224 1484.456000
0.454202 1487.319000
0.454229 1490.280000
0.454203 1493.195000
0.454209 1496.033000
0.454216 1499.788000
0.454216 1502.676000
0.454207 1505.555000
0.456461 1508.507000
0.465347 1511.391000
0.475374 1514.208000
0.479817 1517.126000
0.481641 1520.021000
0.482581 1523.974000
0.482855 1526.880000
0.482906 1529.762000
0.482968 1532.666000
0.482952 1535.596000
0.483007 1538.465000
0.482983 1541.456000
0.483000 1544.325000
0.482950 1547.340000
0.483047 1550.200000
0.482993 1553.196000
0.482985 1556.069000
0.482999 1559.059000
0.482993 1562.909000
0.482982 1565.869000
0.483007 1568.827000
0.483005 1571.746000
0.482982 1574.702000
0.483005 1577.642000
0.482975 1580.506000
0.479302 1583.523000
0.468325 1586.421000
0.452828 1589.357000
0.444902 1592.417000
0.441595 1595.376000
0.440213 1598.336000
0.439622 1601.280000
0.439418 1604.305000
0.439306 1607.260000
0.439267 1610.326000
0.439253 1613.219000
0.439219 1616.123000
0.439230 1619.247000
0.439233 1622.209000
0.439270 1625.089000
0.445941 1628.115000
0.459194 1631.079000
0.479256 1634.072000
0.501624 1637.081000
0.518743 1640.060000
0.526080 1643.081000
0.529176 1646.094000
0.530453 1649.101000
0.530990 1652.210000
0.531294 1655.126000
0.531317 1658.233000
0.531381 1661.171000
0.531413 1664.190000
0.531409 1667.214000
0.531468 1670.243000
0.531371 1673.276000
0.531377 1676.307000
0.524535 1679.449000
0.511596 1682.380000
0.497878 1685.414000
0.491977 1688.473000
0.489475 1691.630000
0.488491 1694.559000
0.488078 1697.606000
0.487853 1700.668000
0.487757 1703.750000
0.487826 1706.867000
0.487732 1709.992000
0.487748 1713.002000
0.487738 1715.989000
0.487714 1718.026000
0.487716 1721.180000
0.487755 1724.255000
0.487721 1727.322000
0.487746 1730.410000
0.487750 1733.604000
0.487727 1736.565000
0.487013 1739.631000
0.480381 1742.693000
0.466907 1745.798000
0.457986 1748.886000
0.454173 1751.941000
0.452946 1754.008000
0.452055 1757.128000
0.451656 1760.209000
0.451503 1763.385000
0.451446 1766.508000
0.451412 1769.636000
0.451406 1772.680000
0.451385 1775.826000
0.451390 1778.967000
0.451378 1781.007000
0.451385 1784.123000
0.451382 1787.294000
0.451410 1790.416000
0.454918 1793.488000
0.465875 1796.582000
0.481806 1799.768000
0.489496 1802.891000
0.492876 1806.143000
0.493855 1808.195000
0.494615 1811.355000
0.494871 1814.497000
0.495072 1817.553000
0.495121 1820.708000
0.495153 1823.907000
0.495190 1826.048000
0.495185 1829.229000
0.495155 1832.373000
0.495203 1835.451000
0.495155 1838.620000
0.495152 1841.786000
0.495174 1844.958000
0.495165 1847.081000
0.495179 1850.335000
0.495150 1853.537000
0.495205 1856.702000
0.495121 1859.893000
0.495197 1862.054000
0.495163 1865.219000
0.495181 1868.406000
0.495150 1871.611000
0.495220 1874.768000
0.495174 1877.986000
0.495134 1880.153000
0.495155 1883.305000
0.495121 1886.510000
0.495184 1889.630000
0.495181 1892.952000
0.495145 1895.078000
0.495136 1898.255000
0.495168 1901.502000
0.495189 1904.712000
0.493291 1908.137000
0.488381 1910.178000
0.475779 1913.255000
0.455331 1916.530000
0.442234 1919.880000
0.437996 1922.059000
0.435069 1925.091000
0.433779 1928.338000
0.433232 1931.632000
0.432988 1934.823000
0.432902 1937.103000
0.432857 1940.331000
0.432845 1943.568000
0.432788 1946.825000
0.432791 1949.028000
0.432842 1952.251000
0.432836 1955.501000
0.432797 1958.777000
0.436762 1961.054000
0.448214 1964.331000
0.464986 1967.389000
0.483263 1970.948000
0.489824 1974.011000
0.492051 1976.118000
0.493854 1979.483000
0.494581 1982.684000
0.494882 1985.972000
0.493456 1988.196000
0.484821 1991.434000
0.469215 1994.772000
0.448121 1998.013000
0.438383 2000.211000
0.431120 2003.515000
0.428068 2006.821000
0.427080 2009.019000
0.426399 2012.325000
0.426074 2015.626000
0.425937 2018.971000
0.425857 2021.148000
0.425863 2024.461000
0.425813 2027.765000
0.425847 2031.088000
0.425847 2033.307000
0.425832 2036.626000
0.425850 2039.948000
0.425106 2042.173000
0.418547 2045.499000
0.405242 2048.819000
0.392800 2051.057000
0.380931 2054.457000
0.376003 2057.861000
0.374009 2061.125000
0.373375 2063.300000
0.372893 2066.640000
0.374271 2070.184000
0.378875 2072.219000
0.391781 2075.592000
0.412019 2079.016000
0.426278 2081.164000
0.439639 2084.636000
0.445033 2088.000000
0.446710 2090.258000
0.447985 2093.557000
0.448571 2096.936000
0.448707 2099.207000
0.448832 2102.490000
0.448905 2105.956000
0.448898 2108.205000
0.448929 2111.500000
0.448958 2114.969000
0.450994 2117.185000
0.459971 2120.595000
0.473531 2123.998000
0.478654 2126.277000
0.482325 2129.569000
0.483978 2133.021000
0.484484 2135.232000
0.484846 2138.717000
0.485009 2142.118000
0.485016 2144.399000
0.485082 2147.775000
0.485129 2151.204000
0.485156 2153.505000
0.485141 2156.810000
0.485130 2159.095000
0.485162 2162.586000
0.485118 2165.995000
0.485150 2168.226000
0.485131 2171.743000
0.485132 2175.053000
0.485128 2177.339000
0.485830 2180.766000
0.489528 2183.065000
0.502179 2186.916000
0.512429 2189.938000
0.516523 2192.455000
0.519446 2195.961000
0.520399 2198.255000
0.521001 2201.420000
0.519772 2204.917000
0.514729 2207.244000
0.501514 2210.715000
0.489141 2213.006000
0.467190 2216.426000
0.450163 2219.862000
0.444484 2222.237000
0.440403 2225.694000
0.439135 2228.002000
0.438183 2231.383000
0.437781 2234.865000
0.437621 2237.187000
0.437559 2240.656000
0.437519 2243.118000
0.437455 2246.495000
0.437492 2250.054000
0.437484 2252.368000
0.437437 2255.842000
0.437481 2258.076000
0.435244 2261.659000
0.429819 2264.098000
0.418964 2267.368000
0.415557 2270.964000
0.418661 2273.271000
0.425967 2276.004000
0.431097 2279.152000
0.433602 2282.658000
0.434685 2286.166000
0.435022 2288.510000
0.435290 2291.938000
0.435361 2294.270000
0.435435 2297.788000
0.435405 2300.146000
0.435456 2303.656000
0.435416 2306.009000
0.437675 2309.602000
0.446423 2313.051000
0.456410 2315.481000
0.465266 2318.963000
0.468187 2321.325000
0.470360 2324.880000
0.471065 2327.321000
0.467936 2330.813000
0.461656 2333.200000
0.446621 2336.757000
0.439427 2339.015000
0.433843 2342.567000
0.432014 2345.002000
0.432040 2348.532000
0.439717 2352.106000
0.448309 2354.428000
0.467207 2358.022000
0.480661 2360.481000
0.490049 2363.927000
0.493368 2366.442000
0.495616 2369.994000
0.496431 2372.368000
0.496984 2375.822000
0.497083 2378.207000
0.497194 2381.794000
0.497245 2384.182000
0.497220 2387.764000
0.493621 2390.121000
0.482337 2393.793000
0.471525 2396.127000
0.455418 2399.935000
0.450744 2402.190000
0.447103 2405.704000
0.445921 2408.099000
0.445165 2411.703000
0.444878 2414.112000
0.444663 2417.704000
0.444610 2420.118000
0.444584 2423.713000
0.444509 2426.116000
0.444489 2429.729000
0.444414 2432.168000
0.444488 2435.862000
0.444451 2438.172000
0.444453 2441.894000
0.444458 2444.302000
0.444496 2447.885000
0.444458 2450.251000
0.444568 2453.878000
0.444561 2456.303000
0.444486 2459.939000
0.444484 2462.357000
0.444504 2465.993000
0.444525 2468.432000
0.444435 2472.061000
0.444558 2474.496000
0.444532 2478.173000
0.444522 2480.565000
0.444421 2484.222000
0.444504 2486.687000
0.448134 2489.067000
0.457961 2492.848000
0.461624 2495.329000
0.464156 2498.853000
0.465015 2501.285000
0.465726 2504.950000
0.465990 2507.395000
0.465984 2511.061000
0.466070 2513.647000
0.466188 2517.260000
0.466228 2519.707000
0.466214 2522.194000
0.466165 2525.772000
0.466180 2528.504000
0.466242 2531.992000
0.466217 2534.462000
0.466245 2538.150000
0.466231 2540.629000
0.466223 2544.197000
0.466288 2546.659000
0.466171 2549.197000
0.462699 2552.816000
0.456037 2555.271000
0.439237 2559.235000
0.426367 2561.456000
0.404187 2565.167000
0.394276 2567.670000
0.388933 2570.115000
0.384510 2574.113000
0.383427 2576.304000
0.388361 2580.000000
0.395448 2582.483000
0.411594 2586.208000
0.425878 2588.688000
0.435714 2591.168000
0.443042 2594.895000
0.445384 2597.396000
0.446686 2600.055000
0.447714 2603.718000
0.447993 2606.104000
0.448170 2609.844000
0.448241 2612.345000
0.448329 2616.182000
0.448349 2618.803000
0.448325 2621.114000
0.448369 2624.916000
0.448297 2627.326000
0.448297 2631.066000
0.448387 2633.568000
0.448358 2636.119000
0.448398 2639.851000
0.448327 2642.382000
0.448397 2646.098000
0.448416 2648.607000
0.448461 2651.128000
0.448380 2654.889000
0.448314 2657.500000
0.446615 2660.126000
0.438159 2663.661000
0.428482 2666.194000
0.410531 2669.965000
0.404354 2672.576000
0.404396 2675.009000
0.411055 2678.793000
0.419089 2681.316000
0.431245 2684.058000
0.440947 2687.705000
0.444192 2690.174000
0.446575 2694.068000
0.448219 2696.591000
0.452764 2699.136000
0.465452 2702.948000
0.476748 2705.355000
0.498722 2709.152000
0.508877 2711.812000
0.514274 2714.243000
0.518297 2718.154000
0.519719 2720.690000
0.517089 2723.213000
0.507689 2727.018000
0.497992 2729.488000
0.487268 2732.022000
0.479287 2735.871000
0.476680 2738.434000
0.474768 2742.246000
0.474264 2744.798000
0.473763 2747.351000
0.473665 2750.021000
0.473494 2753.748000
0.473531 2756.312000
0.473376 2760.146000
0.471147 2762.764000
0.465833 2765.364000
0.452599 2769.131000
0.445874 2771.667000
0.441974 2774.231000
0.439030 2778.199000
0.438171 2780.659000
0.437680 2783.256000
0.437274 2787.199000
0.437093 2789.648000
0.437197 2792.223000
0.436983 2796.276000
0.436965 2798.778000
0.437018 2801.240000
0.437009 2805.105000
0.437002 2807.843000
0.436993 2810.421000
0.436987 2814.156000
0.437024 2816.726000
0.437043 2819.315000
0.436960 2822.066000
0.436982 2825.938000
0.436987 2828.487000
0.437039 2832.252000
0.436954 2834.846000
0.436992 2837.441000
0.436996 2840.058000
0.437095 2843.923000
0.436949 2846.686000
0.437036 2849.269000
0.437011 2853.124000
0.437041 2855.738000
0.436935 2858.228000
0.436994 2862.195000
0.437007 2864.742000
0.437029 2867.503000
0.436970 2870.109000
0.436989 2873.910000
0.437041 2876.479000
0.437011 2879.090000
0.437078 2883.009000
0.437014 2885.661000
0.437014 2888.240000
0.437014 2892.244000
0.437026 2894.789000
0.436996 2897.496000
0.437002 2900.027000
0.437028 2903.960000
0.437017 2906.681000
0.436920 2909.367000
0.437009 2913.227000
0.436942 2915.774000
0.436984 2918.401000
0.437001 2921.112000
0.440575 2924.936000
0.447256 2927.579000
0.456915 2930.214000
0.466156 2934.299000
0.468918 2936.810000
0.470485 2939.439000
0.471496 2942.214000
0.472219 2946.162000
0.472308 2948.711000
0.472513 2951.553000
0.472528 2954.088000
0.473413 2958.155000
0.476926 2960.626000
0.483797 2963.329000
0.499407 2967.257000
0.513219 2969.851000
0.523124 2972.516000
0.528718 2975.280000
0.532728 2979.147000
0.534055 2981.834000
0.531415 2984.548000
0.526001 2987.130000
0.516519 2990.053000
0.498513 2993.930000
0.484468 2996.447000
0.469747 2999.083000
0.456797 3003.094000
0.452666 3005.764000
0.450243 3008.615000
0.448991 3011.197000
0.447970 3015.111000
0.447678 3017.781000
0.447541 3020.494000
0.447437 3023.125000
0.447397 3027.250000
0.447349 3029.918000
0.447392 3032.614000
0.447349 3035.279000
0.447352 3039.176000
0.447261 3041.859000
0.448688 3044.634000
0.454036 3047.344000
0.462265 3050.052000
0.479431 3053.936000
0.494418 3056.625000
0.509754 3059.428000
0.532095 3063.441000
0.546248 3066.016000
0.561044 3068.715000
0.576530 3071.485000
0.585752 3074.092000
0.593406 3078.168000
0.595712 3080.971000
0.597009 3083.558000
0.594322 3086.238000
0.584847 3090.356000
0.575025 3093.011000
0.561693 3095.803000
0.546569 3098.544000
0.532332 3101.126000
0.509384 3105.291000
0.495125 3107.890000
0.480338 3110.600000
0.465494 3113.305000
0.455420 3116.041000
0.447911 3120.229000
0.445590 3122.978000
0.444304 3125.632000
0.443544 3128.254000
0.443065 3132.459000
0.442798 3135.059000
0.442812 3138.115000
0.442780 3140.471000
0.442716 3143.212000
0.442715 3147.349000
0.442695 3150.042000
0.442687 3152.729000
0.441941 3155.545000
0.438140 3158.249000
0.426901 3162.376000
0.415916 3165.093000
0.407569 3168.046000
0.403570 3170.520000
0.401052 3173.263000
0.399723 3176.015000
0.398770 3179.251000
0.398260 3182.952000
0.398072 3185.592000
0.397962 3188.332000
0.401660 3191.132000
0.408731 3194.092000
0.423516 3197.972000
0.437313 3200.674000
0.452454 3203.487000
0.462290 3206.243000
0.469297 3210.297000
0.471594 3213.059000
0.472988 3215.802000
0.473609 3218.572000
0.474116 3221.430000
0.474385 3224.802000
0.474481 3228.221000
0.474572 3231.101000
0.474641 3233.854000
0.474707 3236.623000
0.474651 3239.368000
0.474657 3242.177000
0.474584 3246.295000
0.474682 3248.936000
0.474699 3251.997000
0.474562 3254.637000
0.474678 3257.252000
0.474574 3260.026000
0.474723 3264.176000
0.474690 3266.952000
0.474581 3269.128000
0.474592 3272.622000
0.474670 3275.283000
0.474747 3278.074000
0.474586 3282.373000
0.474672 3285.139000
0.474738 3287.921000
0.474700 3290.600000
0.474729 3293.390000
0.474619 3296.161000
0.474643 3300.353000
0.474669 3303.162000
0.474640 3306.013000
0.475509 3308.952000
0.478874 3311.481000
0.485778 3314.392000
0.493467 3317.120000
0.499313 3321.302000
0.501142 3324.076000
0.502096 3326.874000
0.502741 3329.797000
0.499628 3332.551000
0.493443 3335.391000
0.484267 3338.209000
0.464179 3342.578000
0.455769 3345.096000
0.450410 3347.914000
0.447402 3350.840000
0.445709 3353.544000
0.444826 3356.328000
0.444224 3359.160000
0.443855 3363.504000
0.443726 3366.308000
0.443639 3369.165000
0.443667 3371.924000
0.443550 3374.747000
0.443615 3377.455000
0.443590 3380.288000
0.443593 3383.222000
0.443467 3387.333000
0.447418 3390.258000
0.454084 3393.075000
0.463671 3395.867000
0.470512 3398.723000
0.474314 3401.564000
0.476488 3404.376000
0.477828 3407.209000
0.478490 3410.013000
0.479083 3414.334000
0.479088 3417.156000
0.479241 3420.012000
0.479350 3422.735000
0.479215 3425.568000
0.479277 3428.407000
0.479319 3431.328000
0.479374 3434.200000
0.479414 3438.437000
0.479388 3441.214000
0.479367 3444.059000
0.479362 3446.898000
0.479347 3449.743000
0.479389 3452.589000
0.479386 3455.439000
0.479377 3458.295000
0.479332 3461.137000
0.479356 3464.013000
0.479325 3468.289000
0.479298 3471.362000
0.479334 3474.002000
0.479331 3476.897000
0.479331 3479.723000
0.479310 3482.573000
0.479386 3485.487000
0.479283 3488.295000
0.479332 3491.301000
0.479383 3494.025000
0.479398 3498.447000
0.479331 3501.202000
0.479423 3504.273000
0.479389 3507.149000
0.479267 3509.805000
0.479286 3512.669000
0.479404 3515.569000
0.479365 3518.434000
0.479307 3521.438000
0.479347 3524.187000
0.479359 3527.070000
0.479383 3530.129000
0.479383 3534.285000
0.479323 3537.157000
0.479265 3540.162000
0.477843 3543.038000
0.472924 3545.781000
0.464731 3548.687000
0.455568 3551.585000
0.450384 3554.530000
0.447427 3557.367000
0.445857 3560.266000
0.444935 3563.151000
0.444441 3566.044000
0.443987 3570.404000
0.443876 3573.298000
0.443839 3576.304000
0.443779 3579.081000
0.443837 3581.981000
0.443799 3584.879000
0.442958 3587.874000
0.439166 3590.833000
0.432268 3593.788000
0.422939 3596.598000
0.416228 3599.496000
0.412452 3602.303000
0.411490 3605.278000
0.414147 3608.125000
0.419669 3611.043000
0.428712 3614.052000
0.440981 3617.122000
0.463961 3621.709000
0.476824 3624.236000
0.492004 3627.212000
0.504727 3630.075000
0.512040 3632.997000
0.516277 3636.014000
0.518560 3638.880000
0.519787 3641.696000
0.520567 3644.772000
0.520999 3647.636000
0.521214 3650.614000
0.521381 3653.413000
0.521440 3656.462000
0.521465 3659.260000
0.521513 3662.312000
0.521462 3665.257000
0.521509 3668.145000
0.521532 3672.479000
0.521549 3675.528000
0.521581 3678.502000
0.521539 3681.406000
0.517787 3684.302000
0.511184 3687.165000
0.501664 3690.094000
0.488556 3693.152000
0.479991 3695.999000
0.474920 3699.039000
0.472205 3701.883000
0.470755 3704.830000
0.469725 3707.795000
0.469361 3710.731000
0.468965 3713.687000
0.466439 3716.774000
0.460889 3719.725000
0.452893 3722.541000
0.446895 3725.483000
0.443290 3728.599000
0.441483 3731.427000
0.440328 3734.583000
0.439772 3737.459000
0.439398 3740.426000
0.439210 3743.445000
0.439140 3746.343000
0.439007 3749.310000
0.439067 3752.173000
0.438998 3755.243000
0.439010 3758.107000
0.439056 3761.074000
0.438905 3764.117000
0.439011 3767.026000
0.440405 3770.091000
0.449138 3774.412000
0.460465 3777.877000
0.466009 3780.382000
0.469965 3783.363000
0.472142 3786.513000
0.473281 3789.356000
0.473938 3792.441000
0.474441 3795.401000
0.474634 3798.387000
0.474755 3801.360000
0.474820 3804.354000
0.474859 3807.318000
0.474896 3810.265000
0.474854 3813.325000
0.474924 3816.329000
0.474930 3819.306000
0.474885 3822.210000
0.474907 3825.302000
0.474911 3828.299000
0.474920 3831.279000
0.474926 3834.371000
0.474888 3837.292000
0.474879 3840.294000
0.474932 3843.275000
0.474911 3846.282000
0.474921 3849.205000
0.474906 3852.195000
0.474939 3855.331000
0.474850 3858.304000
0.474953 3861.204000
0.474951 3864.319000
0.474876 3867.216000
0.474894 3870.229000
0.474873 3873.257000
0.474834 3876.267000
0.474954 3879.407000
0.474897 3882.563000
0.474882 3885.300000
0.474882 3888.419000
0.474819 3891.465000
0.474912 3894.499000
0.474930 3896.038000
0.474911 3899.042000
0.474894 3902.070000
0.474936 3905.049000
0.474867 3908.124000
0.474945 3911.125000
0.474971 3914.024000
0.474885 3917.193000
0.474843 3920.209000
0.473667 3923.364000
0.468833 3926.124000
0.460533 3929.200000
0.449464 3932.215000
0.433221 3935.680000
0.424825 3938.380000
0.419492 3941.339000
0.416235 3944.491000
0.414485 3947.539000
0.413566 3950.443000
0.413009 3953.496000
0.412712 3956.661000
0.412497 3959.702000
0.412413 3962.619000
0.412397 3965.702000
0.412363 3968.841000
0.412298 3971.889000
0.412263 3974.822000
0.412279 3978.004000
0.412355 3981.042000
0.412336 3983.974000
0.412262 3987.031000
0.412315 3990.215000
0.412281 3993.148000
0.412321 3996.220000
0.412261 3999.264000
0.412265 4002.338000
0.412291 4005.421000
0.412291 4008.443000
0.412317 4010.032000
0.412291 4013.127000
0.412274 4016.110000
0.412252 4019.205000
0.412308 4022.244000
0.412287 4025.320000
0.412236 4028.378000
0.412257 4031.449000
0.412282 4034.526000
0.415944 4037.574000
0.422857 4040.732000
0.432391 4043.762000
0.442963 4046.886000
0.448880 4049.980000
0.452288 4053.112000
0.454023 4056.192000
0.455035 4059.191000
0.455752 4062.318000
0.455967 4065.443000
0.456273 4068.646000
0.456290 4070.080000
0.456403 4073.177000
0.456342 4076.258000
0.456431 4079.205000
0.456369 4082.505000
0.456422 4085.525000
0.456486 4088.608000
0.456433 4091.793000
0.456484 4094.782000
0.456424 4097.792000
0.456441 4102.064000
0.456425 4103.605000
0.456403 4107.069000
0.456502 4110.262000
0.456376 4113.365000
0.456470 4116.376000
0.456492 4118.002000
0.456425 4121.043000
0.456474 4124.131000
0.456491 4127.302000
0.456393 4130.437000
0.456409 4133.562000
0.456443 4136.711000
0.456376 4139.685000
0.456523 4142.873000
0.456387 4145.988000
0.456529 4149.102000
0.456454 4152.111000
0.456414 4155.307000
0.456469 4158.330000
0.456469 4161.468000
0.456404 4163.066000
0.456431 4166.149000
0.456420 4169.410000
0.456410 4172.401000
0.456530 4175.693000
0.456420 4178.754000
0.456507 4181.966000
0.456436 4185.058000
0.456513 4188.137000
0.456431 4191.334000
0.456389 4194.467000
0.456530 4196.065000
0.456420 4199.157000
0.456442 4202.264000
0.456513 4205.350000
0.456474 4208.450000
0.456448 4211.526000
0.456491 4214.667000
0.456425 4217.875000
0.456458 4220.957000
0.456458 4224.089000
0.456442 4227.234000
0.456431 4230.518000
0.456491 4232.204000
0.456508 4235.092000
0.456469 4238.244000
0.456496 4241.385000
0.456447 4244.533000
0.456518 4247.688000
0.456480 4250.835000
0.456458 4254.004000
0.456438 4257.151000
0.456448 4260.291000
0.456519 4263.530000
0.456387 4265.028000
0.456469 4268.298000
0.456404 4271.482000
0.456365 4274.508000
0.456502 4277.668000
0.456371 4280.847000
0.456498 4284.009000
0.456465 4287.152000
0.456425 4290.325000
0.456376 4293.549000
0.456491 4295.055000
0.456387 4298.290000
0.456529 4301.409000
0.456398 4304.582000
0.456480 4307.816000
0.456491 4311.029000
0.456518 4314.210000
0.456421 4317.361000
0.456421 4320.560000
0.456530 4322.155000
0.456414 4325.353000
0.456414 4328.566000
0.456534 4331.729000
0.456382 4334.909000
0.457222 4338.003000
0.460815 4341.212000
0.467377 4344.306000
0.472387 4346.081000
0.482896 4349.085000
0.496879 4352.258000
0.506627 4355.437000
0.512132 4358.658000
0.515379 4361.971000
0.517161 4365.285000
0.517972 4368.235000
0.518512 4371.542000
0.518640 4373.016000
0.519046 4376.223000
0.519065 4379.659000
0.519171 4382.742000
0.515706 4385.909000
0.509257 4389.009000
0.498976 4392.423000
0.492904 4394.058000
0.479651 4397.088000
0.464770 4400.309000
0.451680 4403.514000
0.444598 4406.626000
0.440550 4409.848000
0.438144 4413.056000
0.436860 4416.312000
0.436093 4419.608000
0.435857 4421.212000
0.435470 4424.295000
0.435350 4427.652000
0.435310 4430.791000
0.435217 4433.938000
0.435205 4437.161000
0.435192 4440.588000
0.436514 4442.037000
0.441559 4445.206000
0.449801 4448.430000
0.460906 4451.648000
0.474870 4454.857000
0.484604 4458.069000
0.490308 4461.324000
0.492165 4463.083000
0.494380 4466.166000
0.495668 4469.527000
0.496413 4472.609000
0.496894 4475.993000
0.497070 4479.248000
0.497224 4482.409000
0.497274 4485.578000
0.497351 4487.253000
0.497401 4490.459000
0.497340 4493.690000
0.497397 4497.079000
0.497329 4500.217000
0.497391 4503.368000
0.497451 4505.117000
0.497309 4508.226000
0.497381 4511.474000
0.497429 4514.970000
0.497401 4517.957000
0.497375 4521.352000
0.497402 4524.540000
0.497408 4526.085000
0.497376 4529.474000
0.497421 4532.730000
0.497382 4535.842000
0.497330 4539.273000
0.497349 4542.370000
0.497382 4545.604000
0.497389 4547.230000
0.497395 4550.483000
0.497376 4553.744000
0.497441 4557.068000
0.495827 4560.364000
0.493539 4562.032000
0.486860 4565.290000
0.476156 4568.869000
0.470464 4571.664000
0.466515 4574.932000
0.464238 4578.366000
0.463181 4581.484000
0.462822 4583.125000
0.463926 4586.828000
0.467772 4589.634000
0.475498 4592.920000
0.486133 4596.232000
0.499627 4599.500000
0.507060 4601.129000
0.520928 4604.684000
0.527564 4607.693000
0.531694 4610.958000
0.534070 4614.348000
0.535377 4617.526000
0.535803 4619.195000
0.536246 4622.434000
0.536605 4625.717000
0.536761 4629.087000
0.533349 4632.297000
0.530214 4634.044000
0.522421 4637.219000
0.511563 4640.498000
0.497602 4643.808000
0.482674 4647.104000
0.472610 4650.482000
0.469541 4652.127000
0.465274 4655.447000
0.463091 4658.642000
0.461701 4662.084000
0.461026 4665.215000
0.460580 4668.518000
0.460471 4670.292000
0.460349 4673.583000
0.460165 4676.844000
0.460139 4680.061000
0.460147 4683.369000
0.460132 4685.149000
0.460031 4688.326000
0.460083 4691.743000
0.460090 4695.077000
0.460060 4698.270000
0.460064 4701.575000
0.460063 4703.219000
0.461746 4706.663000
0.466603 4709.805000
0.475331 4713.303000
0.483909 4716.429000
0.487427 4718.427000
0.490904 4721.439000
0.493105 4724.766000
0.494315 4728.071000
0.494820 4731.390000
0.495221 4733.051000
0.495498 4736.384000
0.495563 4739.711000
0.495776 4743.019000
0.494352 4746.325000
0.491818 4748.220000
0.485273 4751.424000
0.475067 4755.101000
0.462880 4758.283000
0.455058 4761.334000
0.451928 4763.129000
0.448305 4766.454000
0.446267 4769.646000
0.446323 4773.079000
0.450143 4776.273000
0.453610 4778.192000
0.461511 4781.321000
0.472843 4784.667000
0.486792 4787.978000
0.501817 4791.344000
0.509202 4793.007000
0.524512 4796.437000
0.537682 4799.671000
0.545816 4803.367000
0.547480 4806.378000
0.546064 4808.058000
0.541255 4811.389000
0.533125 4814.938000
0.522231 4818.269000
0.508862 4821.547000
0.501836 4823.120000
0.486336 4826.600000
0.472101 4829.832000
0.457114 4833.189000
