0.500000 -96.666660
0.500000 -93.327670
0.500000 -93.126980
0.500000 -90.964160
0.500000 -87.861980
0.500000 -84.915960
0.500000 -81.991840
0.500000 -78.981960
0.500000 -75.929960
0.500000 -72.795420
0.452482 -69.989520
0.340689 -66.914310
0.235740 -63.968900
0.233415 -60.814170
0.324948 -57.994600
0.314098 -54.905660
0.332621 -51.983230
0.435440 -48.753340
0.523820 -45.996480
0.620539 -42.933650
0.701794 -39.843000
0.695369 -36.916230
0.695045 -33.949730
0.663594 -30.978550
0.658775 -27.939350
0.658624 -24.868320
0.643187 -21.754470
0.565998 -18.857940
0.484135 -15.928410
0.422209 -12.949140
0.423531 -9.952454
0.492494 -6.949577
0.569204 -3.887863
0.575483 -0.743431
0.515086 2.079338
0.433046 5.253067
0.358974 8.148132
0.324277 11.068720
0.322120 14.060810
0.322003 17.034070
0.321995 20.044780
0.314836 23.110450
0.260617 26.157330
0.251017 29.293820
0.250495 32.116100
0.250455 35.249210
0.250452 38.143890
0.246164 41.000670
0.226119 44.256990
0.229215 47.188000
0.229448 50.149110
0.229466 53.128890
0.229467 56.134700
0.256562 59.206630
0.323429 62.287870
0.389539 65.327240
0.448808 68.071080
0.470035 71.199780
0.441347 74.319140
0.381013 77.191940
0.334810 80.373370
0.330216 83.174710
0.329739 86.037060
0.329689 89.305100
0.349653 92.205280
0.406652 95.118150
0.446448 98.062520
0.451318 101.056900
0.451791 104.007000
0.451835 107.004400
0.451844 110.017900
0.451845 113.055100
0.451842 116.108400
0.449951 119.317100
0.411669 122.309600
0.392633 125.023500
0.389954 128.116400
0.389686 131.302200
0.389661 134.048600
0.399665 137.190400
0.452503 140.432700
0.483638 143.205500
0.488223 146.019900
0.488855 149.265300
0.488924 152.143700
0.488933 155.460800
0.488933 158.312900
0.488930 161.208200
0.482648 164.092100
0.441754 167.023500
0.384009 170.393900
0.369688 173.325800
0.367756 176.301700
0.367492 179.312000
0.367460 182.300300
0.367452 185.281900
0.382199 188.308000
0.424645 191.345700
0.435524 194.398900
0.436903 197.024400
0.437165 200.102500
0.437194 203.193700
0.417117 206.310200
0.365450 209.539600
0.348486 212.152800
0.345132 215.279800
0.344699 218.007700
0.344619 221.134600
0.344612 224.353200
0.358987 227.046800
0.401503 230.258700
0.411902 233.054100
0.413812 236.301400
0.414058 239.050300
0.418553 242.327700
0.447964 245.160900
0.489968 248.408200
0.497795 251.293200
0.499143 254.076700
0.499407 257.402200
0.499447 260.266800
0.499440 263.182000
0.479315 266.046100
0.429544 269.413300
0.384863 272.321400
0.349344 275.259300
0.341624 278.220100
0.322769 281.131200
0.291109 284.046100
0.283476 287.021500
0.288668 290.486700
0.321162 293.465400
0.364986 296.400600
0.409578 299.396900
0.454596 302.431900
0.472642 305.423900
0.475925 308.484100
0.476503 311.492600
0.476594 314.099500
0.476619 317.145100
0.476625 320.161700
0.476643 323.234200
0.476633 326.324400
0.476640 329.423900
0.476627 332.064700
0.476634 335.128800
0.476632 338.260100
0.476630 341.389200
0.476636 344.022900
0.476633 347.231300
0.476636 350.404900
0.476638 353.029100
0.476637 356.183400
0.476630 359.386800
0.476633 362.087600
0.472428 365.434400
0.449244 368.133500
0.407940 371.165600
0.362613 374.460300
0.325803 377.143700
0.307374 380.436500
0.304332 383.190200
0.303577 386.390900
0.303450 389.176500
0.323160 392.440600
0.357958 395.188500
0.396236 398.034500
0.413813 401.283100
0.416854 404.059700
0.417638 407.450900
0.417771 410.248200
0.417797 413.059900
0.417796 416.378000
0.417808 419.203100
0.417806 422.026100
0.417808 425.443500
0.417811 428.309100
0.411234 431.138000
0.385077 434.015800
0.338875 437.573000
0.323291 440.269100
0.319207 443.188700
0.321914 446.092200
0.349420 449.546400
0.385887 452.404100
0.422998 455.307100
0.455384 458.271500
0.464865 461.182200
0.467098 464.081800
0.467645 467.031400
0.457421 470.598400
0.428394 473.489100
0.396644 476.016100
0.352494 479.536600
0.336499 482.422200
0.332456 485.413800
0.344946 488.354500
0.376498 491.407300
0.411417 494.351000
0.424174 497.358900
0.427233 500.371600
0.427965 503.469000
0.428117 506.423900
0.421555 509.485600
0.400973 512.072900
0.358360 515.611600
0.328310 518.082400
0.290014 521.237600
0.269302 524.132800
0.263898 527.225900
0.269005 530.378100
0.292966 533.388200
0.330534 536.545900
0.352544 539.597100
0.357372 542.088600
0.359102 545.255100
0.359496 548.357900
0.367104 551.478000
0.393711 554.654500
0.424018 557.219400
0.458882 560.338600
0.471511 563.494800
0.474226 566.017900
0.475159 569.169400
0.475391 572.376900
0.475446 575.494600
0.475454 578.222700
0.475451 581.259300
0.475457 584.515100
0.475455 587.102500
0.461135 590.252100
0.428573 593.474800
0.398032 596.129000
0.360965 599.359800
0.338465 602.589400
0.336421 605.184900
0.352264 608.477200
0.377893 611.077000
0.410049 614.359300
0.419648 617.683700
0.421582 620.207900
0.422297 623.493200
0.422467 626.132200
0.418770 629.481200
0.402814 632.077100
0.372993 635.397600
0.364366 638.063100
0.361279 641.450100
0.360622 644.124600
0.360406 647.407300
0.361944 650.133800
0.380460 653.485400
0.407964 656.175500
0.435402 659.502900
0.441904 662.255000
0.444111 665.574000
0.444619 668.286900
0.444764 671.000700
0.444806 674.399900
0.444844 677.251100
0.430013 680.593300
0.405022 683.312500
0.375768 686.006200
0.347059 689.583600
0.340958 692.255900
0.338711 695.702900
0.338240 698.395100
0.338081 701.217000
0.339719 704.020800
0.358264 707.459000
0.385145 710.175200
0.422671 713.688400
0.442687 716.445200
0.449171 719.238300
0.451266 722.110200
0.451992 725.611800
0.452138 728.442900
0.452187 731.227000
0.450443 734.172900
0.440631 737.559200
0.438040 740.412300
0.437246 743.172800
0.436981 746.070100
0.436901 749.561400
0.438492 752.473100
0.451605 755.248500
0.476786 758.110600
0.501829 761.042700
0.511241 764.556700
0.513318 767.458600
0.516165 770.300500
0.530858 773.278600
0.545009 776.070200
0.541492 779.000900
0.519627 782.574800
0.490621 785.486700
0.475393 788.397900
0.470648 791.287000
0.469119 794.202000
0.468594 797.157500
0.469904 800.030700
0.483992 803.099900
0.509587 806.631700
0.512649 809.553000
0.501629 812.504300
0.477985 815.523600
0.448812 818.415200
0.418922 821.387100
0.398932 824.307900
0.395488 827.276600
0.407704 830.271500
0.431946 833.261600
0.452211 836.265700
0.458579 839.198100
0.460668 842.263400
0.461297 845.167700
0.459928 848.277800
0.446560 851.266500
0.421986 854.207500
0.406508 857.305600
0.403053 860.219500
0.412306 863.195800
0.433741 866.247000
0.457944 869.250200
0.466691 872.363500
0.469382 875.325700
0.470246 878.369000
0.466722 881.485000
0.449665 884.678200
0.426287 887.507300
0.414740 890.593800
0.411151 893.644300
0.410019 896.710500
0.409707 899.031800
0.409574 902.090500
0.409509 905.172000
0.420112 908.325700
0.442126 911.376800
0.462582 914.503100
0.465676 917.547500
0.453406 920.643100
0.439732 923.825900
0.436236 926.108900
0.434430 929.200000
0.437358 932.318400
0.453546 935.514200
0.479961 938.578500
0.495393 941.734700
0.494360 944.095700
0.481336 947.273100
0.456923 950.364400
0.427189 953.513400
0.397561 956.658200
0.374591 959.097400
0.350158 962.263200
0.341618 965.432100
0.344534 968.595300
0.359658 971.715100
0.379501 974.163700
0.409494 977.375700
0.438782 980.515100
0.459221 983.740700
0.464711 986.145400
0.464224 989.327800
0.450524 992.588000
0.425888 995.709000
0.408628 998.176500
0.406566 1001.371000
0.418479 1004.589000
0.428915 1007.030000
0.424735 1010.201000
0.408113 1013.426000
0.392633 1016.717000
0.396216 1019.179000
0.410321 1022.530000
0.409095 1025.601000
0.399366 1028.154000
0.377217 1031.349000
0.347780 1034.583000
0.325506 1037.031000
0.310946 1040.293000
0.317006 1043.582000
0.330090 1046.082000
0.357144 1049.365000
0.386529 1052.616000
0.399543 1055.093000
0.406041 1058.390000
0.408130 1061.757000
0.408689 1064.246000
0.408974 1067.939000
0.409066 1070.833000
0.409072 1073.316000
0.409079 1076.718000
0.409086 1079.124000
0.409079 1082.438000
0.409092 1085.848000
0.409087 1088.278000
0.409087 1091.624000
0.409092 1094.146000
0.409089 1097.496000
0.409083 1100.017000
0.409077 1103.367000
0.409093 1106.728000
0.409084 1109.253000
0.409073 1112.635000
0.409089 1115.210000
0.409100 1118.547000
0.409077 1121.147000
0.409086 1124.466000
0.409084 1127.009000
0.409091 1130.437000
0.409091 1133.795000
0.409081 1136.414000
0.409087 1139.758000
0.409092 1142.318000
0.409119 1145.005000
0.409060 1148.316000
0.409080 1151.737000
0.409094 1154.307000
0.409113 1157.731000
0.409104 1160.358000
0.409077 1163.760000
0.409059 1166.342000
0.409085 1169.825000
0.409087 1172.389000
0.409112 1175.838000
0.409094 1178.435000
0.409082 1181.029000
0.409054 1184.496000
0.409072 1187.205000
0.409079 1190.578000
0.409079 1193.309000
0.409082 1196.737000
0.409077 1199.367000
0.409080 1202.783000
0.409072 1205.512000
0.409086 1208.736000
0.409065 1211.988000
0.409070 1215.274000
0.410872 1219.042000
0.413644 1220.349000
0.430655 1223.957000
0.448245 1226.618000
0.456311 1229.081000
0.460807 1232.728000
0.461912 1235.253000
0.456199 1238.839000
0.443163 1241.553000
0.424213 1244.134000
0.409329 1247.678000
0.406441 1250.414000
0.411467 1253.028000
0.426501 1256.553000
0.432474 1259.187000
0.435514 1262.817000
0.436326 1265.421000
0.436643 1268.105000
0.436836 1271.674000
0.436903 1274.359000
0.433196 1277.121000
0.418641 1280.678000
0.412789 1283.405000
0.410307 1286.154000
0.409085 1289.692000
0.408741 1292.393000
0.408600 1295.098000
0.408553 1298.693000
0.408516 1301.348000
0.408503 1304.412000
0.418630 1307.776000
0.431582 1310.363000
0.438741 1313.211000
0.442083 1316.820000
0.442957 1319.465000
0.443408 1322.253000
0.443536 1325.017000
0.443577 1328.576000
0.443622 1331.389000
0.442025 1334.124000
0.428754 1337.715000
0.411080 1340.444000
0.393826 1343.206000
0.385259 1346.864000
0.382952 1349.617000
0.381977 1352.377000
0.381573 1355.207000
0.381352 1358.819000
0.381315 1361.588000
0.381286 1364.354000
0.381265 1367.122000
0.381255 1370.820000
0.381267 1373.599000
0.382783 1376.374000
0.391695 1379.160000
0.414614 1382.953000
0.436261 1385.659000
0.458519 1388.440000
