0.485143 -96.666660
0.455429 -93.327670
0.454092 -93.126980
0.450572 -90.886500
0.450492 -87.936660
0.450492 -84.902200
0.450492 -81.967950
0.450491 -78.969990
0.450491 -75.894960
0.450492 -72.935490
0.450492 -69.932300
0.450492 -66.854630
0.450492 -63.919680
0.450492 -60.872500
0.450492 -57.896530
0.450491 -54.892140
0.450492 -51.919010
0.450492 -48.807960
0.450491 -45.905850
0.450492 -42.869280
0.450492 -39.773640
0.450491 -36.953300
0.450492 -33.921720
0.450492 -30.871800
0.450492 -27.934910
0.450491 -24.783020
0.450491 -21.673970
0.450491 -18.909960
0.450491 -15.778760
0.450492 -12.786090
0.450492 -9.825890
0.450492 -6.804222
0.450493 -3.722679
0.450491 -0.876717
0.450491 2.106804
0.450491 5.251854
0.450492 8.104378
0.450492 11.020120
0.450490 14.010250
0.450491 17.214000
0.450491 20.242940
0.450490 23.207930
0.460783 26.247360
0.520338 29.016460
0.594992 32.127930
0.649224 35.263370
0.654068 38.082430
0.654442 41.289900
0.654464 44.157550
0.654468 47.106190
0.654464 50.328780
0.654465 53.312100
0.654469 56.271300
0.654467 59.300280
0.654466 62.326100
0.654465 65.008940
0.654461 68.109760
0.654472 71.201170
0.654469 74.304720
0.654469 77.071320
0.654468 80.270650
0.654458 83.065510
0.654466 86.264590
0.654468 89.149830
0.654470 92.013900
0.654475 95.288060
0.654460 98.279280
0.654470 101.143100
0.654467 104.221100
0.654469 107.464200
0.654474 110.085000
0.654463 113.087000
0.654470 116.428700
0.654462 119.157000
0.654462 122.258100
0.654456 125.303300
0.654462 128.010600
0.654466 131.041900
0.654463 134.219400
0.654463 137.011300
0.654459 140.042600
0.654456 143.221500
0.654470 146.142300
0.654467 149.346200
0.654458 152.135900
0.654467 155.138100
0.654466 158.290300
0.654459 161.497500
0.654473 164.477300
0.654469 167.374000
0.654461 170.376600
0.654462 173.090000
0.661586 176.007900
0.679322 179.430000
0.675662 182.178000
0.682918 185.298800
0.695522 188.275700
0.702961 191.331600
0.703913 194.296300
0.704048 197.324400
0.704051 200.364900
0.704053 203.419300
0.704063 206.048200
0.704059 209.141200
0.704073 212.217500
0.704066 215.324600
0.704049 218.447300
0.704057 221.134000
0.704064 224.280000
0.704058 227.027700
0.704061 230.160500
0.704070 233.352000
0.704064 236.168500
0.704063 239.352500
0.704055 242.118300
0.704051 245.348100
0.697628 248.087500
0.655792 251.430900
0.611998 254.188000
0.567397 257.005800
0.515685 260.286800
0.470630 263.157000
0.427938 266.499400
0.420301 269.348300
0.418939 272.197700
0.418689 275.126700
0.418643 278.014000
0.418640 281.368500
0.418636 284.280500
0.418636 287.250900
0.416191 290.256800
0.391675 293.159100
0.357871 296.092300
0.350192 299.071700
0.348842 302.025000
0.348580 305.519500
0.348547 308.482900
0.348543 311.533400
0.348543 314.043800
0.332673 317.083800
0.309370 320.149900
0.304868 323.165700
0.304054 326.182300
0.303909 329.293200
0.303884 332.371300
0.303878 335.424600
0.303878 338.003300
0.303877 341.113000
0.303875 344.230100
0.303877 347.362100
0.303876 350.498700
0.303876 353.128100
0.296512 356.274700
0.265350 359.325800
0.226445 362.096300
0.181761 365.288100
0.149065 368.004100
0.139028 371.148400
0.137197 374.365300
0.136887 377.101100
0.136813 380.357500
0.136792 383.550900
0.136792 386.300200
0.136796 389.015900
0.136794 392.284000
0.136793 395.024300
0.136790 398.264900
0.136790 401.055000
0.136797 404.351500
0.136797 407.089700
0.136796 410.421000
0.136792 413.196000
0.136792 416.025000
0.136792 419.406200
0.136790 422.191600
0.136788 425.512300
0.136787 428.384300
0.136791 431.214800
0.136791 434.563400
0.136792 437.409500
0.136793 440.321100
0.136792 443.180500
0.136794 446.030200
0.136789 449.476000
0.136785 452.346400
0.136787 455.252500
0.136785 458.084200
0.136791 461.565700
0.138213 464.502000
0.157011 467.444500
0.191216 470.305300
0.231386 473.471300
0.265735 476.185000
0.302668 479.109700
0.339993 482.072600
0.377392 485.048200
0.415302 488.072200
0.459022 491.567600
0.496797 494.597800
0.533765 497.567300
0.570539 500.531700
0.607748 503.535100
0.630487 506.580700
0.635718 509.550900
0.637011 512.572100
0.637271 515.034400
0.637378 518.033000
0.637404 521.086400
0.637441 524.192600
0.637417 527.201000
0.637421 530.262300
0.637427 533.385700
0.637398 536.462300
0.637424 539.513100
0.637422 542.597000
0.644701 545.059000
0.671204 548.211400
0.686351 551.288900
0.690033 554.462600
0.690876 557.537000
0.691056 560.047800
0.691118 563.173800
0.691162 566.401200
0.691153 569.572600
0.680900 572.039100
0.657324 575.234900
