0.500000 -96.666660
0.500000 -93.327670
0.500000 -93.126980
0.500000 -90.940340
0.500000 -87.834120
0.500000 -84.937430
0.500000 -81.841680
0.500000 -78.812230
0.500000 -75.508290
0.500000 -72.731810
0.500000 -69.804030
0.500000 -66.985280
0.500000 -63.575080
0.500000 -60.709910
0.492427 -57.823570
0.465919 -54.916020
0.423177 -51.610910
0.385309 -48.661100
0.367981 -45.690260
0.363869 -42.698310
0.362893 -39.685330
0.362656 -36.566220
0.351130 -33.474980
0.326204 -30.732120
0.288337 -27.638780
0.250469 -24.524230
0.212604 -21.388790
0.182311 -18.865120
0.144217 -15.672360
0.117211 -12.427930
0.117214 -9.856926
0.117210 -6.621475
0.117214 -3.777061
0.117213 -0.468689
0.117207 2.163094
0.117208 5.472092
0.117214 8.134087
0.128574 11.480860
0.151294 14.173570
0.189161 17.558380
0.219455 20.281490
0.249748 23.018070
0.287614 26.457790
0.303145 29.224820
0.308059 32.005260
0.309794 35.499970
0.310163 38.310910
0.310280 41.135990
0.311079 44.684940
0.322017 47.686000
0.342487 50.554400
0.352107 53.498230
0.355095 56.451400
0.356056 59.418900
0.356352 62.341280
0.356463 65.625690
0.356493 68.575200
0.356502 71.538220
0.356504 74.605130
0.356505 77.595370
0.356504 80.599660
0.356506 83.627150
0.356505 86.659070
0.356506 89.708250
0.356506 92.016330
0.356507 95.084090
0.356506 98.486880
0.356506 101.634200
0.356506 104.742600
0.356505 107.388400
0.356505 110.621700
0.356507 113.767100
0.356506 116.135100
0.356506 119.304300
0.352721 122.545800
0.340883 125.066700
0.314736 128.333300
0.284442 131.553200
0.266302 134.045200
0.257566 137.288600
0.254774 140.568500
0.254034 143.020100
0.253659 146.350100
0.253550 149.044200
0.264447 152.534200
0.280278 155.021200
0.309732 158.349200
0.334960 161.130400
0.358440 164.588700
0.365860 167.116600
0.369558 170.489800
0.370638 173.215400
0.371129 176.611000
0.371266 179.246700
0.371331 182.666100
0.371352 185.693800
0.371361 188.274500
0.371364 191.727500
0.371365 194.326300
0.371365 197.803200
0.371366 200.419500
0.371367 203.067500
0.371366 206.620500
0.372124 209.262400
0.379164 212.043200
0.398856 215.587500
0.418928 218.254600
0.429394 221.059400
0.434402 224.681900
0.435717 227.374200
0.436270 230.074300
0.436545 233.686300
0.436623 236.404100
0.429004 239.422800
0.414634 242.347200
0.394241 245.087900
0.379336 248.309000
0.373069 251.349200
0.370695 254.177300
0.369529 257.881800
0.369220 260.663100
0.369090 263.451900
0.369031 266.248200
0.372787 269.052200
0.389399 272.802800
0.409814 275.624500
0.436071 278.893600
0.449224 281.730600
0.454819 284.575000
0.457500 287.758100
0.458495 290.617800
0.458904 293.485100
0.459086 296.360200
0.459161 299.288300
0.459182 302.178400
0.459199 305.076400
0.459208 308.965600
0.459206 311.867000
0.459207 314.790300
0.459207 317.720900
0.459206 320.659100
0.452305 323.664100
0.438670 326.617600
0.418226 329.578700
0.397395 332.548200
0.387022 335.645100
0.382867 338.628900
0.380214 341.620600
0.371320 344.797700
0.355981 347.804400
0.334152 350.856300
0.311430 353.878300
0.288696 356.909700
0.265991 359.944900
0.243271 362.989700
0.228124 365.023800
0.205405 368.081300
0.182683 371.146500
0.159965 374.219100
0.137159 377.310700
0.117215 380.470000
0.117223 383.004500
0.117226 386.573500
0.117225 389.683500
0.121763 392.797400
0.133128 395.920800
0.144486 398.007400
0.166782 401.194400
0.192818 404.796500
0.215537 407.947600
0.231892 410.220600
0.254706 413.397600
0.277428 416.569500
0.300148 419.748500
0.317299 422.153000
0.338213 425.089700
0.355726 428.286600
0.363115 431.491000
0.366230 434.703100
0.367592 438.004600
0.363743 440.704800
0.353342 443.937300
0.342625 446.096400
0.321301 449.341500
0.306337 452.644700
0.299243 455.422000
0.295088 458.685000
0.297444 461.402600
0.305871 464.732100
0.321015 468.015200
0.334896 470.207900
0.358837 473.680500
0.381557 476.983900
0.396704 479.190600
0.422602 482.969800
0.437745 485.184700
0.455305 488.513300
0.463095 491.997600
0.465696 494.432400
0.467460 497.781600
0.468016 500.031900
0.468462 503.550500
0.468643 506.919600
0.468704 509.226600
0.468744 512.650600
0.468752 515.073500
0.468758 518.468100
0.468769 521.889400
0.468761 524.161700
0.468770 527.576800
0.468763 530.999600
0.468772 533.296000
0.468773 536.834800
0.468771 539.120000
0.468767 542.567900
0.468780 545.399800
0.468780 548.089300
0.473323 551.555100
0.484699 555.037200
0.496144 557.373600
0.518635 560.947200
0.537984 563.923500
0.553130 566.255100
0.577447 570.006600
0.593509 572.486500
0.614350 576.002700
0.623613 578.913500
0.628342 581.524100
0.631432 585.058300
0.628734 588.123800
0.623015 590.708800
0.614081 593.257000
0.595077 596.977100
0.579879 599.359900
0.557157 602.932700
0.546432 605.481500
0.539830 609.106300
0.541923 611.628100
0.547195 614.141500
0.558583 617.742200
0.563589 620.206700
0.567410 623.883800
0.568396 626.142400
0.568982 629.018400
0.569206 632.045800
0.569337 635.628500
0.569368 638.993000
0.569408 641.297900
0.569387 644.881400
0.569396 647.688700
0.569415 650.138500
0.569412 653.819800
0.569416 656.857400
0.569385 659.328500
0.569386 663.027300
0.569408 666.418100
0.569418 669.176100
0.569399 671.835600
0.569399 674.285600
0.569409 678.012200
0.565619 680.500700
0.557467 683.538700
0.547647 686.026400
0.527205 689.775900
0.517271 692.279600
0.509837 696.054400
0.507481 698.566700
0.506168 701.082300
0.505161 704.893600
0.504833 707.417700
0.504656 710.146100
0.504541 713.944000
0.504484 716.479800
0.504464 719.019300
0.504446 722.834500
0.504433 725.687300
0.509109 728.876500
0.515940 731.446300
0.526016 734.068800
0.546470 737.912300
0.559793 740.490200
0.568122 743.326600
0.573688 747.196400
0.575458 749.774800
0.576445 752.356100
0.577189 756.235100
0.577418 758.854800
0.577548 761.448300
0.577651 764.451000
0.577720 767.460200
0.577733 770.049000
0.577739 773.036500
0.577762 776.119800
0.557308 779.356800
0.537382 782.319200
0.533819 785.140300
0.533147 788.060900
0.536923 791.288800
0.573929 794.444000
0.593387 797.226900
0.596852 800.190100
0.597474 803.392300
0.597561 806.164400
0.597580 809.208100
0.597578 812.422300
0.597581 815.190500
0.597560 818.454800
0.597574 821.234200
0.597589 824.062200
0.597572 827.329300
0.597570 830.141400
0.597556 833.007500
0.570863 836.330400
0.526178 839.174100
0.506759 842.118500
0.503265 845.461700
0.522617 848.337400
0.535739 851.293900
0.537996 854.189800
0.538398 857.095900
0.538468 860.027200
0.538492 863.762800
0.538482 866.281500
0.538500 869.228800
0.538474 872.185500
0.538482 875.183100
0.543016 878.160100
0.570822 881.215300
0.582771 884.323100
0.584802 887.398700
0.585164 890.448200
0.585230 893.492100
0.585236 896.079300
0.585246 899.214500
