0.500000 -96.666660
0.500000 -93.327670
0.500000 -93.126980
0.500000 -90.940370
0.500000 -87.786810
0.500000 -84.596800
0.500000 -81.531590
0.500000 -78.852290
0.500000 -75.609190
0.500000 -72.883430
0.500000 -69.584560
0.500000 -66.812320
0.500000 -63.457730
0.500000 -60.638960
0.500000 -57.799120
0.500000 -54.938120
0.500000 -51.477050
0.500000 -48.569620
0.501090 -45.641020
0.522876 -42.691340
0.568085 -39.720510
0.586778 -36.728570
0.591215 -33.715520
0.592266 -30.681300
0.592517 -27.626010
0.592576 -24.549580
0.593680 -21.451990
0.608939 -18.958760
0.652520 -15.823180
0.699497 -12.666450
0.713517 -9.488632
0.716503 -6.931183
0.717554 -3.715317
0.734439 -0.478355
0.750001 2.126419
0.750000 5.401413
0.749998 8.036629
0.749997 11.349600
0.749999 14.015250
0.749996 17.366250
0.746732 20.062320
0.719499 23.451350
0.703861 26.177800
0.698339 29.604890
0.697163 32.361770
0.696792 35.132160
0.696660 38.614140
0.696634 41.414920
0.696624 44.229250
0.696620 47.057070
0.693351 50.610870
0.673744 53.469130
0.652892 56.340910
0.646294 59.226180
0.644207 62.124980
0.643549 65.037340
0.643311 68.696760
0.643265 71.639500
0.643244 74.595790
0.643243 77.565580
0.643237 80.548830
0.643241 83.545650
0.643243 86.556000
0.643242 89.579820
0.643240 92.617250
0.636704 95.668090
0.612741 98.732530
0.583326 101.039700
0.539755 104.127800
0.496178 107.229400
0.452608 110.344500
0.409032 113.473200
0.379890 116.615300
0.382615 119.770900
0.396913 122.146600
0.431227 125.325900
0.474802 128.518700
0.518375 131.725100
0.551055 134.138700
0.594629 137.368700
0.638203 140.612300
0.670883 143.053800
0.714456 146.321000
0.750007 149.601700
0.743472 152.071100
0.719505 155.375500
0.695677 158.693400
0.689295 161.190700
0.686117 164.532200
0.685264 167.047300
0.684844 170.412400
0.684710 173.791100
0.686843 176.334000
0.706413 179.736400
0.732517 182.297100
0.749998 185.723100
0.750005 188.301500
0.749998 191.751200
0.749997 194.347300
0.746724 197.820600
0.733660 200.434500
0.710785 203.056000
0.668300 206.563100
0.643106 209.202400
0.630541 212.733200
0.627178 215.390200
0.625763 218.054700
0.625052 221.619300
0.624862 224.301700
0.624770 227.889900
0.624743 230.590000
0.624728 233.297600
0.624718 236.012900
0.624721 239.645100
0.634527 242.378100
0.654123 245.118700
0.675920 248.784700
0.672648 251.543100
0.659571 254.309100
0.636701 257.082600
0.594217 260.792600
0.561530 263.583900
0.528860 266.382800
0.496171 269.189400
0.463491 272.003400
0.419918 275.767500
0.387237 278.599300
0.368345 281.438900
0.360373 284.285900
0.357011 287.140600
0.355592 290.002800
0.354886 293.831100
0.354696 296.711100
0.354615 299.598800
0.354583 302.494000
0.354570 305.396800
0.354562 308.307300
0.354560 311.225300
0.354559 314.151000
0.354558 317.084200
0.354558 320.025100
0.354559 323.958100
0.354558 326.916700
0.354556 329.882900
0.354560 332.856700
0.354557 335.838100
0.354560 338.827100
0.354560 341.823800
0.354556 344.828000
0.354558 347.839900
0.354557 350.859300
0.354558 353.886300
0.354559 356.920900
0.354556 359.963200
0.354557 363.013000
0.354558 365.050500
0.354558 368.113000
0.354560 371.183200
0.354559 374.260900
0.351289 377.346200
0.338218 380.439200
0.328769 383.539700
0.324786 386.647900
0.323106 389.372400
0.336720 392.320900
0.367761 395.202300
0.410926 398.353300
0.454505 401.773900
0.487185 404.516200
0.519864 407.410100
0.552546 410.455700
0.585226 413.629900
0.615189 416.824200
0.629355 420.026100
0.633867 422.165000
0.637233 425.379600
0.638655 428.601800
0.639254 431.831700
0.640615 435.069100
0.646232 437.231600
0.662816 440.481700
0.689201 443.739400
0.721888 447.004800
0.743677 449.185900
0.750001 452.463900
0.750002 455.749500
0.750000 459.042700
0.750000 461.242300
0.749997 464.548200
0.749999 467.861600
0.749995 470.074900
0.749987 473.401100
0.749993 476.734800
0.749994 480.076200
0.749987 482.308000
0.749988 485.662000
0.749987 489.023600
0.749990 491.268900
0.748896 494.643100
0.739089 498.025100
0.727120 500.283900
0.700965 503.678500
0.683966 507.080700
0.678535 509.353100
0.674501 512.768000
0.673218 515.048700
0.672249 518.476300
0.671854 521.911400
0.671716 524.205700
0.671627 527.653600
0.671604 531.108900
0.671593 533.416700
0.665031 536.884800
0.655193 539.201000
0.632311 542.681800
0.620866 545.006500
0.612353 548.499900
0.610658 552.000900
0.615953 554.339200
0.632086 557.852800
0.640549 560.199500
0.639485 563.725900
0.632585 566.081100
0.614078 569.620200
0.585762 573.166900
0.563987 575.535600
0.531288 579.094800
0.509499 581.472000
0.476829 585.044100
0.455043 587.429600
0.425085 591.014300
0.414362 593.408300
0.407923 597.005600
0.412547 599.408100
0.427675 603.018200
0.443202 605.429100
0.457607 609.051800
0.462221 611.471100
0.465631 615.106500
0.466721 617.534300
0.467546 621.183500
0.467793 623.618700
0.467952 626.058300
0.468047 629.724100
0.471380 632.172200
0.484521 635.850600
0.491702 638.307200
0.497052 641.998400
0.494196 644.463300
0.481751 648.167100
0.468005 650.640600
0.458277 653.117400
0.451039 656.597600
0.447981 659.473400
0.451626 662.645200
0.473925 665.302000
0.523864 668.164900
0.559686 671.203700
0.566054 674.333900
0.567116 677.405800
0.567329 680.166700
0.567403 683.197000
0.567429 686.496900
0.567441 689.148800
0.567427 692.920500
0.567447 695.926300
0.570701 698.014200
0.583779 701.272600
0.606646 704.682500
0.627362 707.040100
0.660021 710.702800
0.674344 713.228900
0.684955 717.122500
0.688360 719.731200
0.685809 722.343100
0.673834 726.267500
0.667147 728.887900
0.663407 731.511700
0.661307 734.138900
0.659737 738.086000
0.659222 740.721700
0.658949 743.360800
0.658798 746.003200
0.658668 749.973100
0.658637 752.624100
0.658599 755.278100
