0.500000 -96.666660
0.500000 -93.327670
0.500000 -93.126980
0.500000 -90.847140
0.500000 -87.984750
0.500000 -84.914180
0.500000 -81.902370
0.500000 -78.824170
0.500000 -75.870820
0.500000 -72.811890
0.500000 -69.924090
0.500000 -66.961700
0.500001 -63.881520
0.500000 -60.776380
0.500001 -57.892120
0.500000 -54.785290
0.500001 -51.869810
0.500000 -48.857540
0.500001 -45.936920
0.500001 -42.874950
0.500000 -39.832030
0.500000 -36.940420
0.499999 -33.940540
0.500000 -30.961770
0.499999 -27.985810
0.499999 -24.911540
0.500000 -21.817050
0.500001 -18.938410
0.500001 -15.767060
0.499999 -12.818590
0.499998 -9.849808
0.499999 -6.849281
0.499997 -3.776764
0.499998 -0.970238
0.499999 2.147018
0.499999 5.354752
0.500000 8.167633
0.500000 11.180140
0.492427 14.042560
0.465732 17.030370
0.463765 20.067050
0.463660 23.081090
0.463655 26.110220
0.463653 29.201280
0.463655 32.333950
0.470335 35.136990
0.504059 38.300640
0.507004 41.192600
0.507224 44.055940
0.480589 47.342350
0.464397 50.255840
0.463148 53.225140
0.463055 56.224330
0.489663 59.204150
0.497932 62.274610
0.498546 65.336560
0.498585 68.047880
0.498591 71.151340
0.478147 74.271210
0.471185 77.108200
0.470497 80.252940
0.470452 83.122590
0.470447 86.335820
0.485138 89.206220
0.503665 92.097530
0.505581 95.344560
0.505729 98.316450
0.505736 101.227700
0.505739 104.218800
0.505745 107.191900
0.505739 110.194200
0.505744 113.218100
0.505741 116.260700
0.505743 119.357300
0.505743 122.141400
0.505739 125.142400
0.505741 128.251900
0.505738 131.378900
0.505743 134.137700
0.486092 137.268200
0.472470 140.053200
0.470584 143.291300
0.470406 146.068600
0.470375 149.298200
0.470383 152.143500
0.470379 155.034900
0.470379 158.279900
0.470379 161.164300
0.470375 164.095300
0.470382 167.012100
0.470380 170.335300
0.470380 173.302000
0.470374 176.236400
0.470379 179.208600
0.470379 182.197000
0.470380 185.200900
0.470380 188.255000
0.470372 191.241700
0.470378 194.286500
0.470381 197.334000
0.470376 200.402600
0.470372 203.083700
0.470378 206.143400
0.470382 209.291600
0.470387 212.413000
0.470378 215.106300
0.470377 218.409900
0.470380 221.433900
0.470372 224.177300
0.470370 227.383500
0.470373 230.036200
0.470379 233.256400
0.471652 236.007800
0.496901 239.258100
0.504238 242.075000
0.505591 245.341000
0.505757 248.160500
0.505808 251.454000
0.505800 254.245700
0.505800 257.096000
0.505802 260.420300
0.505809 263.325000
0.505805 266.168300
0.505791 269.067300
0.505791 272.432200
0.516915 275.341900
0.526042 278.249400
0.527693 281.178700
0.527984 284.152200
0.508309 287.064100
0.488717 290.024900
0.484339 293.022200
0.465816 296.461300
0.461566 299.455400
0.460875 302.011500
0.460685 305.475100
0.460662 308.496200
0.460653 311.061700
0.460654 314.060800
0.460661 317.113500
0.460647 320.173700
0.460654 323.244100
0.460658 326.326600
0.460675 329.420200
0.460660 332.001300
0.460664 335.111800
0.460659 338.232500
0.460662 341.411200
0.460656 344.031600
0.460650 347.128500
0.460665 350.290100
0.460663 353.700200
0.460663 356.119900
0.460656 359.347600
0.460656 362.004600
0.460649 365.213100
0.460660 368.428800
0.460649 371.079300
0.460647 374.317700
0.460664 377.031100
0.460656 380.285200
0.460660 383.550600
0.460650 386.269200
0.460664 389.003900
0.460655 392.371700
0.460662 395.180900
0.460655 398.712900
0.460654 401.346700
0.460648 404.459500
0.460661 407.220300
0.460656 410.054300
0.460648 413.016000
0.460654 416.161700
0.460670 419.586000
0.460666 422.369400
0.460668 425.215600
0.460657 428.506100
0.460666 431.366900
0.460662 434.220200
0.460655 437.064400
0.460672 440.510300
0.460659 443.360000
0.460648 446.257700
0.460656 449.072000
0.460660 452.140300
0.460664 455.162400
0.460671 458.333200
0.460664 461.044900
0.460666 464.460200
0.460650 467.076400
0.460661 470.034100
0.460649 473.109700
0.460675 476.184000
0.460673 479.442600
0.460660 482.496500
0.460663 485.477300
0.460655 488.305600
0.460661 491.276800
0.460666 494.489800
0.460661 497.271500
0.460665 500.297900
0.460664 503.235700
0.460663 506.379000
0.460660 509.066500
0.460658 512.292400
0.460660 515.458700
0.460666 518.741900
0.460663 521.018700
0.460682 524.489100
0.460669 527.567600
0.460669 530.601600
0.460667 533.062300
0.460670 536.202500
0.460666 539.777500
0.460661 542.608400
0.460668 545.384800
0.460661 548.593100
0.460648 551.613000
0.460657 554.580000
0.460663 557.731800
0.460654 560.097500
0.460662 563.468800
0.464146 566.594200
0.480703 569.139500
0.492695 572.319200
0.495491 575.470200
0.496115 578.050200
0.492751 581.116500
0.470786 584.297700
0.434484 587.481400
0.409746 590.026000
0.400009 593.276300
0.397739 596.490500
0.397282 599.007500
0.398474 602.217900
0.416942 605.453100
0.442464 608.034100
0.455500 611.328300
0.458471 614.518100
0.459101 617.119800
0.459343 620.380500
0.459384 623.636400
0.459393 626.300600
0.461584 629.514100
0.474941 632.145400
0.507431 635.429100
0.535327 638.061000
0.548261 641.374500
0.545526 644.072200
0.524774 647.337900
0.495542 650.060700
0.464001 653.321800
0.455222 656.067300
0.452301 659.322700
0.451588 662.729400
0.451416 665.404100
0.451364 668.052600
0.451353 671.464600
0.451342 674.138000
0.451341 677.517200
0.451343 680.266400
0.451347 683.580200
0.451337 686.297300
0.451375 689.075000
0.451373 692.489200
0.451341 695.219900
0.451343 698.927700
0.451357 701.379000
0.451345 704.119400
0.451345 707.513100
0.451337 710.276300
0.451328 713.033900
0.451347 716.493900
0.451343 719.317500
0.451356 722.044100
0.451333 725.576000
0.451357 728.363800
0.451353 731.158500
0.451361 734.597900
0.451348 737.451500
0.451353 740.261000
0.451334 743.022400
0.451340 746.534300
0.451340 749.354700
0.451339 752.179600
0.451340 755.014300
0.452802 758.538700
0.466125 761.384800
0.485281 764.255100
0.492122 767.088100
0.494544 770.667800
0.495065 773.563400
0.495216 776.468900
0.495300 779.250400
0.495303 782.126800
0.495303 785.046100
0.495305 788.604800
0.495306 791.541000
0.495313 794.443400
0.495307 797.343900
0.495315 800.182400
0.488643 803.143600
0.467623 806.249400
0.455546 809.651400
0.452610 812.617000
0.451686 815.494900
0.451391 818.421400
0.451306 821.370100
0.451276 824.296200
0.451270 827.294300
0.451294 830.190500
0.451280 833.142400
0.451282 836.184100
0.451277 839.120800
0.451273 842.087800
0.451280 845.098600
0.451274 848.032500
0.451296 851.699300
0.451270 854.682700
0.451268 857.735000
0.451272 860.733100
0.450489 863.695900
0.440099 866.677000
0.427803 869.690000
0.424440 872.023700
0.422827 875.006100
0.422252 878.734300
0.422143 881.010700
0.422113 884.096600
0.422082 887.069200
0.422086 890.110000
0.422092 893.156900
0.422095 896.200000
0.422085 899.254500
0.422086 902.307900
0.422079 905.431600
0.422086 908.440900
0.422105 911.501000
0.422074 914.578200
0.422084 917.727500
0.422088 920.811000
0.422092 923.193800
0.422088 926.158000
0.422082 929.251100
0.422076 932.353000
0.422083 935.456500
0.422091 938.573200
0.422091 941.747200
0.422074 944.117900
0.422086 947.242900
0.422090 950.329500
0.422080 953.404700
0.422073 956.540300
0.422090 959.683500
0.422090 962.042200
0.422066 965.298500
0.422087 968.341400
0.422095 971.563700
0.422088 974.660300
0.422098 977.158400
0.422085 980.207900
0.423668 983.434600
0.437300 986.653900
0.452645 989.001000
0.461650 992.135300
0.464588 995.390900
0.465484 998.526700
0.459196 1001.770000
0.446429 1004.116000
0.425234 1007.336000
0.417479 1010.586000
0.415411 1013.017000
0.414409 1016.258000
0.414087 1019.464000
0.413259 1022.669000
0.406405 1025.120000
0.389384 1028.300000
0.381262 1031.561000
0.378702 1034.832000
0.378042 1037.270000
0.379003 1040.527000
0.391999 1043.761000
0.409883 1046.254000
0.437326 1049.485000
0.448745 1052.751000
0.453153 1055.402000
0.467160 1058.532000
0.492887 1061.765000
0.505990 1064.298000
0.512324 1067.583000
0.514349 1070.841000
0.514888 1073.373000
0.515142 1076.614000
0.515209 1079.093000
0.515254 1082.468000
0.515274 1085.715000
0.513709 1088.278000
0.500349 1091.577000
0.492727 1094.031000
0.488770 1097.440000
0.487560 1100.703000
0.487230 1103.286000
0.488636 1106.595000
0.497506 1109.141000
0.513507 1112.406000
0.518794 1115.040000
0.521286 1118.373000
0.515761 1121.736000
0.503651 1124.217000
0.477276 1127.564000
0.463792 1130.189000
0.457294 1133.690000
0.453075 1136.037000
0.436816 1139.424000
0.408643 1142.899000
0.396337 1145.353000
0.389725 1148.841000
0.388086 1151.340000
0.387216 1154.733000
0.386989 1157.362000
0.386869 1160.777000
0.388736 1163.524000
0.401828 1166.809000
0.418857 1169.270000
0.432610 1172.716000
0.436352 1175.296000
0.443530 1178.818000
0.456628 1181.406000
0.483719 1184.827000
0.505937 1187.415000
0.528431 1190.029000
0.557518 1193.408000
0.570646 1196.029000
0.577012 1199.498000
0.578737 1202.105000
0.579685 1205.587000
0.579942 1208.241000
0.579938 1211.738000
0.580047 1214.342000
0.576290 1217.006000
0.560436 1220.408000
0.539797 1223.114000
0.510540 1226.560000
0.497495 1229.245000
0.491045 1232.752000
0.489315 1235.397000
0.487779 1238.090000
0.476745 1241.493000
0.461986 1244.280000
0.453749 1247.761000
0.451619 1250.323000
0.450673 1253.038000
0.450202 1256.514000
0.450083 1259.175000
0.449982 1262.741000
0.449967 1265.408000
0.449982 1268.105000
0.449978 1271.641000
0.450007 1274.360000
0.449993 1277.883000
0.449976 1280.077000
0.450005 1283.225000
0.449973 1286.839000
0.450005 1289.570000
0.449989 1292.195000
0.450002 1295.788000
0.449991 1298.488000
0.449972 1301.189000
0.449993 1304.789000
0.449985 1307.498000
0.449986 1310.205000
0.449983 1313.826000
0.449976 1316.543000
0.450009 1319.259000
0.449997 1322.886000
0.449985 1325.708000
0.450007 1328.353000
0.449977 1331.063000
0.450022 1334.708000
0.449954 1337.448000
0.449974 1340.264000
0.450006 1343.000000
0.449964 1346.653000
0.449995 1349.416000
0.450001 1352.074000
0.450012 1355.745000
0.449979 1358.572000
0.447807 1361.290000
0.439051 1364.060000
0.422347 1367.769000
0.417212 1370.551000
0.415091 1373.303000
0.405292 1377.066000
0.392715 1379.755000
0.386148 1382.552000
0.383425 1385.339000
0.382266 1388.114000
0.381684 1391.757000
0.381541 1394.561000
0.387758 1397.314000
0.401747 1400.269000
0.421436 1403.008000
0.441472 1406.632000
0.447072 1409.443000
0.449394 1412.307000
0.450398 1415.139000
0.451768 1419.036000
0.458186 1421.600000
0.472343 1424.513000
0.491870 1427.246000
0.505323 1430.209000
0.511525 1433.827000
0.513272 1436.655000
0.513999 1439.481000
0.512851 1442.347000
0.504205 1445.217000
0.489085 1448.020000
0.471007 1451.775000
0.466222 1454.610000
0.464165 1457.453000
0.463285 1460.307000
0.458404 1463.143000
0.454155 1466.023000
0.452069 1469.812000
0.451525 1472.670000
0.457711 1475.522000
0.470746 1478.401000
0.484215 1481.272000
0.489882 1484.139000
0.492262 1487.010000
0.493502 1490.841000
0.493832 1493.707000
0.493948 1496.648000
0.490469 1499.462000
0.481131 1502.334000
0.476260 1505.276000
0.474184 1508.183000
0.473339 1511.076000
0.472933 1514.945000
0.472819 1517.847000
0.474504 1520.950000
0.482817 1523.618000
0.496284 1526.515000
0.503165 1529.462000
0.506016 1532.357000
0.507226 1535.285000
0.504176 1538.182000
0.493746 1541.086000
0.484985 1545.021000
0.482674 1547.952000
0.481725 1550.809000
0.481286 1553.810000
0.481142 1556.744000
0.481045 1559.683000
0.481002 1562.545000
0.480990 1565.557000
0.480980 1568.485000
0.480958 1571.432000
0.480966 1574.393000
0.480975 1577.263000
0.480964 1580.307000
0.480982 1583.167000
0.480978 1586.217000
0.480926 1589.085000
0.480958 1592.048000
0.476483 1595.015000
0.460275 1598.957000
0.450915 1602.052000
0.448097 1604.021000
0.444433 1608.170000
0.436669 1610.911000
0.427061 1613.851000
0.423683 1616.027000
0.421059 1619.831000
0.426588 1622.929000
0.438271 1625.792000
0.451138 1628.799000
0.456588 1631.794000
0.458865 1634.801000
0.459849 1637.876000
0.464777 1640.787000
0.475359 1643.904000
0.480368 1646.822000
0.485394 1649.897000
0.497578 1653.004000
0.515276 1655.918000
0.528095 1659.303000
0.532545 1661.962000
0.534584 1664.928000
0.535603 1668.035000
0.529792 1670.966000
0.521543 1674.011000
0.518926 1676.039000
0.516895 1679.171000
0.516102 1682.210000
0.514956 1685.317000
0.508046 1688.273000
0.496250 1691.309000
0.490333 1694.377000
0.487798 1697.429000
0.486768 1700.412000
0.492717 1703.471000
0.505335 1706.527000
0.513921 1709.586000
0.517548 1712.649000
0.519196 1715.812000
0.519815 1718.890000
0.520102 1721.964000
0.520133 1725.034000
0.516653 1727.051000
0.505626 1730.115000
0.493906 1733.130000
0.488746 1736.233000
0.486611 1739.320000
0.485622 1742.491000
0.480615 1745.528000
0.473007 1748.584000
0.469923 1751.687000
0.468580 1754.809000
0.468026 1757.908000
0.467807 1761.005000
0.467721 1763.080000
0.467663 1766.182000
0.467644 1769.292000
0.467632 1772.408000
0.467635 1775.616000
0.467635 1778.648000
0.467600 1781.848000
0.467604 1784.984000
0.467618 1788.102000
0.467613 1790.193000
0.467616 1793.332000
0.467632 1796.368000
0.467628 1799.595000
0.467634 1802.650000
0.467613 1805.877000
0.467639 1808.928000
0.467598 1811.115000
0.467632 1814.173000
0.467579 1817.441000
0.467626 1820.573000
0.467621 1823.722000
0.467619 1826.890000
0.467621 1829.957000
0.467611 1832.214000
0.467609 1835.292000
0.467623 1838.404000
0.467652 1841.573000
0.471302 1844.779000
0.478355 1847.002000
0.494082 1850.148000
0.503868 1853.210000
0.508331 1856.505000
0.510138 1859.577000
0.510967 1862.765000
0.511245 1865.945000
0.511344 1868.176000
0.511428 1871.396000
0.511428 1874.534000
0.511461 1877.759000
0.507752 1880.971000
0.496889 1884.066000
0.485762 1886.209000
0.475483 1889.414000
0.470992 1892.637000
0.466283 1895.951000
0.459540 1898.071000
0.443819 1901.283000
0.433359 1904.518000
0.429087 1907.674000
0.427209 1910.906000
0.426598 1913.104000
0.426167 1916.270000
0.425972 1919.508000
0.425901 1922.814000
0.425891 1925.989000
0.425885 1928.134000
0.425839 1931.408000
0.425843 1934.656000
0.425878 1937.913000
0.425867 1940.107000
0.425867 1943.318000
0.425836 1946.632000
0.425852 1949.871000
0.425868 1952.058000
0.425863 1955.311000
0.425856 1958.572000
0.425856 1961.846000
0.425863 1964.048000
0.425845 1967.334000
0.425861 1970.611000
0.425838 1973.876000
0.425812 1976.038000
0.425854 1979.308000
0.425851 1982.594000
0.425861 1985.878000
0.425854 1988.057000
0.425859 1991.259000
0.425873 1994.550000
0.425861 1997.844000
0.425884 2000.162000
0.425861 2003.381000
0.425861 2006.726000
0.425856 2010.025000
0.425828 2012.224000
0.425844 2015.453000
0.425838 2018.854000
0.425826 2022.177000
0.425840 2024.281000
0.425872 2027.600000
0.425875 2031.138000
0.423724 2033.210000
0.414482 2036.627000
0.404881 2039.774000
0.401467 2042.078000
0.399029 2045.451000
0.397998 2048.760000
0.397567 2052.006000
0.397452 2054.334000
0.397333 2057.658000
0.397283 2060.996000
0.397250 2063.241000
0.397261 2066.488000
0.397219 2069.925000
0.397259 2072.216000
0.397246 2075.420000
0.397265 2078.774000
0.397252 2081.098000
0.397240 2084.479000
0.397241 2087.896000
0.400867 2090.064000
0.412233 2093.460000
0.424124 2096.799000
0.428082 2099.011000
0.430985 2102.469000
0.432133 2105.720000
0.432588 2108.124000
0.437687 2111.625000
0.448465 2114.734000
0.458071 2117.035000
0.465137 2120.477000
0.468117 2123.865000
0.469064 2126.142000
0.469758 2129.420000
0.470070 2132.819000
0.470103 2135.095000
0.470246 2138.573000
0.470228 2141.968000
0.470325 2144.182000
0.470300 2147.567000
0.470259 2151.106000
0.470228 2153.358000
0.470261 2156.762000
0.470240 2160.200000
0.470220 2162.417000
0.470276 2165.788000
0.470235 2168.157000
0.470267 2171.500000
0.470238 2174.909000
0.470270 2177.210000
0.470232 2180.638000
0.470273 2184.073000
0.470287 2186.473000
0.472355 2189.843000
0.477408 2192.082000
0.490882 2195.547000
0.510879 2198.990000
0.524068 2201.295000
0.534051 2204.741000
0.537309 2207.188000
0.534591 2210.556000
0.525001 2214.074000
0.515506 2216.256000
0.501341 2219.709000
0.496899 2222.017000
0.493470 2225.512000
0.492014 2228.962000
0.491588 2231.277000
0.486399 2234.851000
0.479580 2237.070000
0.468437 2240.595000
0.463866 2244.038000
0.462501 2246.344000
0.461414 2249.825000
0.460263 2252.278000
0.452675 2255.806000
0.444084 2258.117000
0.426017 2261.531000
0.414332 2264.961000
0.410360 2267.377000
0.407532 2270.919000
0.406676 2273.115000
0.407642 2277.091000
0.415468 2280.257000
0.424457 2282.545000
0.443173 2285.957000
0.453344 2288.443000
0.460428 2291.992000
0.462541 2294.173000
0.464191 2297.691000
0.464741 2300.035000
0.465065 2303.558000
0.465299 2307.090000
0.465342 2309.426000
0.458946 2312.953000
0.450249 2315.475000
0.431999 2319.050000
0.417850 2321.294000
0.400828 2324.792000
0.394614 2327.477000
0.390859 2330.630000
0.389134 2334.195000
0.389931 2336.535000
0.398202 2340.193000
0.407240 2342.540000
0.426695 2346.139000
0.440893 2348.396000
0.461391 2351.958000
0.468746 2354.328000
0.474273 2357.979000
0.476074 2360.345000
0.477268 2363.831000
0.479905 2366.201000
0.490190 2369.886000
0.500078 2372.163000
0.519384 2375.773000
0.526217 2378.159000
0.531320 2381.698000
0.533102 2384.179000
0.534147 2387.782000
0.534459 2390.066000
0.528052 2393.818000
0.520801 2396.013000
0.503561 2399.610000
0.494730 2402.053000
0.488396 2405.629000
0.486179 2408.126000
0.484734 2411.790000
0.484282 2414.116000
0.483905 2417.753000
0.483816 2420.148000
0.483700 2423.788000
0.482946 2426.141000
0.476197 2429.735000
0.468218 2432.047000
0.452350 2435.746000
0.446408 2438.178000
0.442005 2441.833000
0.440576 2444.259000
0.439617 2447.904000
0.439304 2450.291000
0.438286 2453.919000
0.434446 2456.317000
0.423296 2459.856000
0.416913 2462.420000
0.412708 2465.945000
0.411216 2468.487000
0.410151 2472.014000
0.409864 2474.519000
0.409632 2478.166000
0.409551 2480.584000
0.409506 2483.048000
0.410823 2486.639000
0.415973 2489.026000
0.429288 2492.683000
0.441982 2495.126000
0.466621 2499.169000
0.477120 2501.207000
0.486942 2504.904000
0.489999 2507.344000
0.492239 2511.025000
0.493004 2513.466000
0.493533 2517.137000
0.493861 2519.688000
0.493941 2522.054000
0.493891 2525.705000
0.493989 2528.166000
0.494052 2531.963000
0.490431 2534.391000
0.479423 2538.010000
0.466657 2540.839000
0.449045 2544.138000
0.441767 2546.587000
0.437594 2549.078000
0.433406 2552.863000
0.427792 2555.226000
0.413595 2558.953000
0.402630 2561.409000
0.394547 2565.133000
0.391860 2567.711000
0.390438 2570.189000
0.389359 2573.800000
0.389063 2576.369000
0.388797 2579.991000
0.388676 2582.557000
0.390246 2585.017000
0.399023 2588.745000
0.408871 2591.280000
0.428211 2594.874000
0.441919 2597.467000
0.451140 2601.096000
0.454271 2603.583000
0.456080 2606.073000
0.457414 2609.913000
0.457813 2612.351000
0.458059 2616.050000
0.458147 2618.543000
0.458265 2621.040000
0.458295 2624.788000
0.458305 2627.290000
0.458417 2631.116000
0.458227 2633.652000
0.458226 2636.160000
0.456642 2639.944000
0.451745 2642.299000
0.438105 2646.188000
0.425933 2648.592000
0.412964 2651.097000
0.403139 2654.865000
0.400013 2657.393000
0.397778 2661.161000
0.396974 2663.686000
0.396610 2666.194000
0.396310 2670.002000
0.396210 2672.492000
0.396091 2675.108000
0.402682 2678.838000
0.410825 2681.382000
0.428497 2685.118000
0.443077 2687.605000
0.458689 2690.260000
0.480485 2693.956000
0.495206 2696.477000
0.504933 2699.002000
0.512344 2702.949000
0.514600 2705.354000
0.516357 2709.161000
0.516918 2711.697000
0.519725 2714.316000
0.529456 2718.172000
0.539049 2720.573000
0.550421 2723.242000
0.558348 2726.959000
0.559826 2729.481000
0.557470 2732.025000
0.548183 2735.988000
0.538507 2738.526000
0.525926 2741.028000
0.508768 2744.836000
0.503232 2747.380000
0.499294 2751.213000
0.494874 2753.907000
0.487956 2756.361000
0.477341 2759.032000
0.457083 2762.775000
0.447695 2765.245000
0.440397 2769.212000
0.438079 2771.668000
0.436655 2774.233000
0.435731 2778.254000
0.435475 2780.768000
0.435266 2783.227000
0.435129 2787.091000
0.435068 2789.656000
0.435051 2792.340000
0.435010 2796.090000
0.435029 2798.687000
0.435029 2801.247000
0.435024 2805.244000
0.435150 2807.814000
0.435049 2810.379000
0.434983 2814.266000
0.435088 2816.859000
0.435139 2819.338000
0.435051 2823.219000
0.435002 2825.807000
0.435022 2828.410000
0.435039 2832.288000
0.435022 2834.877000
0.435000 2837.513000
0.435009 2840.083000
0.435047 2844.071000
0.435090 2846.658000
0.435003 2849.218000
0.434970 2853.114000
0.435010 2855.762000
0.435042 2858.319000
0.434997 2862.155000
0.435012 2864.757000
0.435017 2867.363000
0.435019 2871.404000
0.435049 2873.992000
0.434998 2876.609000
0.435044 2879.218000
0.435081 2883.088000
0.434980 2885.766000
0.435032 2888.276000
0.434978 2892.193000
0.438922 2894.916000
0.445400 2897.459000
0.455300 2900.148000
0.472549 2903.969000
0.479300 2906.626000
0.483107 2909.325000
0.485762 2913.190000
0.486628 2915.813000
0.487157 2918.530000
0.487425 2921.080000
0.487645 2925.126000
0.487773 2927.722000
0.487740 2930.276000
0.487815 2933.011000
0.487861 2936.942000
0.487914 2939.625000
0.489978 2942.228000
0.498739 2946.111000
0.508282 2948.752000
0.521088 2951.417000
0.535809 2954.053000
0.552961 2957.983000
0.558713 2960.832000
0.561636 2963.315000
0.563835 2967.304000
0.564573 2969.908000
0.565020 2972.669000
0.565293 2975.208000
0.561871 2979.180000
0.555411 2981.843000
0.544990 2984.733000
0.533606 2987.159000
0.522086 2991.162000
0.518240 2993.934000
0.516332 2996.484000
0.515169 2999.146000
0.514306 3003.144000
0.514020 3005.924000
0.511574 3008.581000
0.506387 3011.129000
0.496663 3014.162000
0.489550 3017.901000
0.487089 3020.514000
0.485663 3023.184000
0.484575 3027.187000
0.484280 3029.861000
0.484025 3032.631000
0.483973 3035.353000
0.483937 3039.471000
0.483856 3041.919000
0.483881 3044.724000
0.483833 3047.400000
0.483059 3050.156000
0.476151 3054.242000
0.470124 3056.770000
0.466441 3059.455000
0.464416 3062.083000
0.464124 3066.189000
0.468260 3068.845000
0.475337 3071.496000
0.485446 3074.178000
0.506121 3078.260000
0.521719 3081.066000
0.535679 3083.615000
0.550813 3086.359000
0.563538 3089.010000
0.571785 3093.171000
0.570631 3095.825000
0.566278 3098.478000
0.559093 3101.203000
0.542769 3105.256000
0.528326 3107.972000
0.513043 3110.736000
0.498394 3113.410000
0.488779 3116.110000
0.481448 3120.176000
0.479061 3122.896000
0.477820 3125.612000
0.477101 3128.339000
0.476662 3131.055000
0.471584 3135.201000
0.464306 3137.967000
0.453594 3140.879000
0.447460 3143.273000
0.443524 3146.023000
0.440544 3150.118000
0.439569 3152.848000
0.439040 3155.621000
0.438770 3158.281000
0.438563 3161.012000
0.438403 3165.114000
0.438448 3167.885000
0.438336 3170.588000
0.442123 3173.326000
0.450012 3176.574000
0.464496 3180.320000
0.475537 3182.917000
0.482415 3185.736000
0.486198 3188.466000
0.488306 3191.304000
0.489802 3195.430000
0.486960 3197.993000
0.481046 3200.763000
0.473791 3203.574000
0.469626 3206.306000
0.467524 3209.009000
0.465644 3213.154000
0.465107 3215.912000
0.464950 3218.656000
0.464799 3221.435000
0.464534 3224.293000
0.464542 3228.316000
0.464513 3231.101000
0.464552 3233.847000
0.464562 3236.606000
0.464510 3239.344000
0.464533 3242.126000
0.464432 3246.283000
0.464513 3249.040000
0.464578 3251.814000
0.464439 3254.616000
0.464590 3257.362000
0.464576 3260.125000
0.464451 3264.289000
0.464538 3267.223000
0.464547 3269.847000
0.464445 3272.616000
0.464547 3275.449000
0.464564 3278.175000
0.464484 3282.344000
0.464564 3285.134000
0.464575 3287.953000
0.464476 3290.704000
0.464564 3293.476000
0.464456 3296.265000
0.464530 3299.055000
0.464587 3303.240000
0.464518 3306.033000
0.464439 3308.824000
0.464422 3311.686000
0.464516 3314.410000
0.464544 3317.208000
0.464470 3321.414000
0.468366 3324.309000
0.474863 3327.005000
0.484865 3329.920000
0.496809 3332.583000
0.505652 3335.380000
0.510696 3338.209000
0.512420 3341.330000
0.506309 3345.237000
0.497599 3348.289000
0.487252 3350.979000
0.476249 3353.629000
0.469789 3356.450000
0.466059 3359.286000
0.463986 3362.094000
0.462685 3365.026000
0.462059 3369.132000
0.461747 3372.065000
0.461535 3374.778000
0.461363 3377.628000
0.461432 3380.420000
0.461379 3383.241000
0.461397 3386.186000
0.461338 3390.374000
0.461335 3393.119000
0.461357 3395.949000
0.461373 3398.784000
0.461345 3401.742000
0.461342 3404.552000
0.461336 3407.419000
0.461333 3410.200000
0.461386 3414.400000
0.465185 3417.308000
0.472285 3420.313000
0.481200 3422.942000
0.491364 3425.682000
0.497504 3428.681000
0.500649 3431.405000
0.502448 3434.210000
0.503562 3437.191000
0.504308 3441.342000
0.504636 3444.191000
0.504708 3447.032000
0.504715 3449.886000
0.503452 3452.704000
0.498314 3455.589000
0.490166 3458.448000
0.478895 3461.364000
0.471077 3464.215000
0.466632 3467.109000
0.463430 3471.293000
0.462377 3474.144000
0.461727 3477.125000
0.461457 3480.009000
0.461304 3482.724000
0.461158 3485.589000
0.461085 3488.463000
0.461056 3491.440000
0.461033 3494.185000
0.461061 3497.181000
0.461058 3500.159000
0.461118 3504.347000
0.464695 3507.194000
0.471586 3510.139000
0.481287 3513.015000
0.493229 3515.724000
0.508112 3518.623000
0.520964 3521.447000
0.528423 3524.338000
0.532555 3527.214000
0.534969 3530.295000
0.536679 3534.579000
0.535682 3536.016000
0.527463 3540.467000
0.519237 3543.169000
0.507537 3546.050000
0.499238 3548.948000
0.494594 3551.839000
0.491999 3554.734000
0.490556 3557.617000
0.489660 3560.519000
0.489306 3563.452000
0.486364 3566.598000
0.481035 3569.239000
0.472740 3572.074000
0.466395 3575.107000
0.461968 3579.292000
0.460507 3582.166000
0.459686 3585.073000
0.462983 3588.140000
0.468623 3590.871000
0.477467 3593.802000
0.489993 3596.844000
0.503950 3599.642000
0.518848 3602.553000
0.533574 3605.454000
0.548528 3608.360000
0.563500 3611.298000
0.573367 3614.283000
0.577290 3617.173000
0.574500 3621.427000
0.568787 3624.331000
0.559942 3627.249000
0.548349 3630.171000
0.539213 3632.067000
0.528721 3636.052000
0.524808 3638.953000
0.522571 3641.877000
0.521422 3644.799000
0.520675 3647.738000
0.520187 3650.772000
0.520054 3653.588000
0.517516 3656.614000
0.512303 3659.480000
0.505253 3662.607000
0.501878 3665.342000
0.499752 3668.257000
0.498543 3671.186000
0.497788 3674.353000
0.498830 3677.167000
0.503572 3680.151000
0.511239 3683.023000
0.528447 3687.436000
0.536227 3689.024000
0.555921 3693.290000
0.563126 3696.485000
0.563881 3699.223000
0.561113 3702.119000
0.555236 3705.086000
0.546784 3707.967000
0.534824 3710.999000
0.520159 3713.999000
0.505548 3716.908000
0.490076 3719.986000
0.475502 3722.881000
0.465957 3725.778000
0.460502 3728.697000
0.457514 3731.620000
0.455814 3734.582000
0.454786 3737.540000
0.454166 3740.504000
0.453884 3743.475000
0.453679 3746.445000
0.453650 3749.518000
0.453560 3752.487000
0.452691 3755.704000
0.449231 3758.287000
0.442292 3761.370000
0.434506 3764.325000
0.429918 3767.381000
0.427600 3770.286000
0.426206 3773.268000
0.425331 3776.238000
0.428291 3779.149000
0.434576 3782.222000
0.444261 3785.427000
0.454844 3788.039000
0.463192 3791.055000
0.468185 3794.171000
0.470596 3797.015000
0.472150 3800.053000
0.473201 3804.481000
0.473534 3807.600000
0.472309 3810.421000
0.467162 3813.559000
0.459133 3816.541000
0.453304 3818.232000
0.445323 3822.416000
0.443581 3824.037000
0.440792 3828.495000
0.440247 3830.054000
0.439636 3833.032000
0.439125 3837.402000
0.439032 3839.029000
0.438917 3843.531000
0.438767 3846.525000
0.440258 3848.008000
0.449112 3852.510000
0.454190 3854.214000
0.469011 3858.527000
0.472312 3860.010000
0.476813 3863.073000
0.479231 3866.118000
0.480565 3869.079000
0.481413 3872.099000
0.481924 3876.493000
0.482128 3878.131000
0.480622 3881.088000
0.475506 3884.123000
0.467767 3887.046000
0.458723 3890.070000
0.453678 3893.087000
0.450973 3896.094000
0.449232 3899.132000
0.448374 3902.166000
0.447845 3905.317000
0.447578 3908.207000
0.447342 3911.258000
0.447374 3914.324000
0.447243 3917.303000
0.447212 3920.333000
0.447209 3923.361000
0.446270 3926.595000
0.442822 3929.487000
0.436135 3932.526000
0.431349 3935.470000
0.428430 3938.693000
0.426895 3941.572000
0.426014 3944.666000
0.425533 3947.648000
0.425195 3950.700000
0.425139 3953.731000
0.425037 3957.108000
0.425004 3959.807000
0.424939 3962.908000
0.424873 3965.919000
0.428733 3969.053000
0.435173 3971.993000
0.445210 3975.202000
0.455160 3978.094000
0.461192 3981.180000
0.461779 3984.359000
0.458502 3987.425000
0.452717 3990.394000
0.445271 3993.451000
0.442838 3995.057000
0.439792 3998.113000
0.438004 4001.156000
0.434533 4004.174000
0.427815 4007.250000
0.418074 4010.308000
0.411420 4013.286000
0.407551 4016.418000
0.408667 4019.533000
0.413660 4022.623000
0.421325 4025.632000
0.434655 4029.385000
0.442877 4031.683000
0.449199 4034.772000
0.452919 4037.869000
0.453796 4040.906000
0.450906 4043.973000
0.445054 4047.066000
0.440747 4050.155000
0.438202 4053.240000
0.436915 4056.362000
0.436130 4059.511000
0.435809 4061.144000
0.435532 4064.278000
0.435356 4067.114000
0.435262 4070.228000
0.435191 4073.517000
0.435117 4076.509000
0.435079 4079.663000
0.435033 4082.628000
0.435135 4085.657000
0.435114 4088.743000
0.435087 4091.949000
0.435061 4094.944000
0.435109 4098.031000
0.435158 4101.321000
0.435148 4104.367000
0.435114 4107.330000
0.435110 4110.558000
0.435152 4112.096000
0.435020 4115.333000
0.435089 4118.326000
0.435100 4121.285000
0.435080 4124.560000
0.435118 4127.632000
0.435143 4130.606000
0.435059 4133.723000
0.435069 4136.924000
0.435084 4140.072000
0.435064 4143.061000
0.435133 4146.291000
0.435118 4149.280000
0.435055 4152.395000
0.435158 4155.494000
0.435089 4157.203000
0.435064 4160.175000
0.435055 4163.314000
0.435103 4166.575000
0.435162 4169.562000
0.435069 4172.808000
0.435046 4175.814000
0.435173 4178.942000
0.435046 4182.182000
0.435050 4185.321000
0.435035 4188.501000
0.435030 4190.036000
0.435138 4193.151000
0.435055 4196.263000
0.435129 4199.417000
0.435144 4202.534000
0.435103 4205.591000
0.435103 4208.792000
0.435059 4211.946000
0.435113 4215.033000
0.435173 4218.094000
0.435085 4221.237000
0.435157 4224.384000
0.435059 4227.653000
0.435011 4229.100000
0.435069 4232.359000
0.435143 4235.519000
0.435138 4238.536000
0.435045 4241.787000
0.435109 4244.835000
0.435046 4248.109000
0.435147 4251.272000
0.435089 4254.289000
0.435118 4256.005000
0.435079 4259.153000
0.435050 4262.172000
0.435128 4265.551000
0.435158 4268.488000
0.435138 4271.652000
0.435085 4274.939000
0.435099 4277.984000
0.435123 4281.137000
0.435050 4284.589000
0.435050 4286.019000
0.435128 4289.051000
0.435113 4292.213000
0.435113 4295.461000
0.435051 4298.548000
0.435114 4301.874000
0.435133 4304.891000
0.435089 4308.062000
0.435059 4311.400000
0.435025 4314.408000
0.435138 4316.110000
0.435055 4319.297000
0.435103 4322.355000
0.435139 4325.524000
0.435157 4328.846000
0.435080 4331.892000
0.436629 4335.189000
0.441821 4338.339000
0.450124 4341.586000
0.454943 4343.055000
0.467690 4346.260000
0.482375 4349.420000
0.497332 4352.619000
0.510144 4355.761000
0.517541 4358.945000
0.521773 4362.340000
0.524124 4365.372000
0.524773 4367.063000
0.525728 4370.148000
0.526321 4373.346000
0.526679 4376.580000
0.526748 4379.742000
0.525534 4382.917000
0.520409 4386.110000
0.512245 4389.352000
0.501208 4392.544000
0.494632 4394.144000
0.479882 4397.330000
0.470183 4400.528000
0.464505 4403.883000
0.461319 4407.099000
0.459615 4410.309000
0.458676 4413.451000
0.458322 4415.092000
0.457926 4418.217000
0.456885 4421.514000
0.452962 4424.604000
0.447393 4427.906000
0.444380 4431.056000
0.442645 4434.349000
0.441761 4437.487000
0.441494 4439.104000
0.441022 4442.322000
0.440747 4445.540000
0.440688 4448.764000
0.440635 4451.998000
0.440547 4455.349000
0.440465 4458.440000
0.442135 4460.226000
0.447005 4463.258000
0.455145 4466.491000
0.464845 4469.817000
0.469936 4472.967000
0.472825 4476.334000
0.474384 4479.431000
0.475011 4481.049000
0.475653 4484.289000
0.476771 4487.482000
0.480975 4490.739000
0.488017 4493.973000
0.498155 4497.224000
0.508997 4500.454000
0.512434 4502.073000
0.517060 4505.338000
0.516746 4508.657000
0.512446 4511.939000
0.504999 4515.249000
0.495214 4518.382000
0.488904 4520.019000
0.474450 4523.275000
0.464401 4526.678000
0.458752 4530.014000
0.455898 4533.068000
0.454247 4536.180000
0.453241 4539.439000
0.452960 4541.064000
0.452522 4544.403000
0.452292 4547.578000
0.453945 4551.196000
0.458533 4554.097000
0.466596 4557.341000
0.472559 4559.262000
0.483956 4562.240000
0.492882 4565.532000
0.497723 4568.810000
0.500522 4572.063000
0.502103 4575.370000
0.502872 4578.625000
0.503189 4580.284000
0.503588 4583.559000
0.502322 4586.879000
0.497332 4590.078000
0.489508 4593.316000
0.483410 4595.274000
0.477527 4598.212000
0.473696 4601.559000
0.471384 4605.122000
0.470291 4608.075000
0.469644 4611.344000
0.469217 4614.671000
0.469117 4616.268000
0.468972 4619.630000
0.468904 4622.801000
0.468830 4626.138000
0.468842 4629.435000
0.467704 4631.896000
0.464734 4634.437000
0.461902 4637.679000
0.460159 4641.063000
0.459308 4644.355000
0.458712 4647.607000
0.458607 4649.287000
0.458419 4652.546000
0.458270 4655.937000
0.458179 4659.029000
0.458173 4662.282000
0.458090 4665.585000
0.458100 4667.229000
0.458068 4670.540000
0.458078 4673.912000
0.458020 4677.239000
0.458090 4679.097000
0.459612 4682.194000
0.464686 4685.353000
0.471232 4688.706000
0.474865 4691.981000
0.476886 4695.291000
0.478122 4698.620000
0.478458 4700.249000
0.478925 4703.580000
0.479259 4706.875000
0.479401 4709.097000
0.479455 4713.694000
0.478019 4715.350000
0.473017 4718.571000
0.465106 4721.832000
0.455941 4725.104000
0.450575 4728.577000
0.448938 4730.244000
0.446780 4733.579000
0.445621 4736.921000
0.444918 4740.070000
0.444589 4743.399000
0.444361 4745.105000
0.444277 4748.416000
0.444218 4751.763000
0.444193 4755.069000
0.444159 4758.407000
0.445984 4760.515000
0.450498 4763.352000
0.458692 4766.714000
0.469788 4770.046000
0.485092 4773.646000
0.489829 4775.080000
0.497185 4778.467000
0.501174 4781.733000
0.504517 4785.077000
0.511046 4788.456000
0.515075 4790.063000
0.525926 4793.381000
0.539699 4796.726000
0.549397 4800.228000
0.552818 4803.504000
0.552243 4805.120000
0.548977 4808.469000
0.542928 4811.828000
0.533826 4815.148000
0.521324 4818.623000
0.514067 4820.308000
0.501222 4823.606000
0.493989 4826.857000
0.489759 4830.428000
0.488406 4832.054000
0.486801 4835.268000
0.485591 4838.780000
0.485165 4842.014000
0.485038 4845.362000
0.484796 4847.031000
0.484534 4850.375000
0.484673 4853.942000
0.484397 4857.261000
0.484467 4860.605000
0.484361 4862.147000
0.484549 4865.519000
0.482193 4869.023000
0.477181 4872.258000
0.468931 4875.613000
0.462919 4877.604000
0.456718 4880.654000
0.453027 4884.019000
0.450558 4887.570000
0.450115 4889.289000
0.448977 4892.681000
0.448756 4896.010000
0.448259 4899.365000
0.448302 4902.773000
0.447894 4904.445000
0.447884 4907.814000
0.447794 4911.160000
0.447350 4914.625000
0.445420 4916.649000
0.440773 4919.555000
0.432902 4922.880000
0.423970 4926.260000
0.418753 4929.659000
0.416945 4931.391000
0.414897 4934.745000
0.416757 4938.146000
0.421780 4941.670000
0.424962 4943.222000
0.434365 4946.632000
0.446678 4950.063000
0.455515 4953.541000
0.458203 4955.231000
0.461866 4958.493000
0.463750 4962.009000
0.461858 4965.395000
0.459888 4967.033000
0.453307 4970.393000
0.445738 4973.794000
0.441651 4977.205000
0.439116 4980.746000
0.438223 4982.309000
0.437133 4986.060000
0.436707 4989.155000
0.436448 4992.553000
0.436278 4994.249000
0.440011 4997.945000
0.446132 5001.140000
0.455611 5004.573000
0.461448 5006.199000
0.474116 5009.821000
0.480548 5013.276000
0.483911 5016.467000
0.485063 5018.164000
0.485544 5021.840000
0.482207 5025.086000
0.475726 5028.540000
0.471715 5030.089000
0.460041 5033.779000
0.452820 5037.233000
0.451632 5040.519000
0.452480 5042.129000
0.456510 5045.607000
