0.500000 -96.666660
0.500000 -93.327670
0.500000 -93.126980
0.500000 -90.935850
0.500000 -87.831730
0.500000 -84.997990
0.500000 -81.847650
0.500000 -78.872040
0.500000 -75.960610
0.500000 -72.846640
0.500000 -69.816730
0.500000 -66.704360
0.500001 -63.859580
0.500000 -60.886010
0.499999 -57.798320
0.500000 -54.829180
0.500000 -51.906660
0.499999 -48.811560
0.500000 -45.820820
0.499999 -42.812720
0.466493 -39.965510
0.423654 -36.864520
0.422425 -33.924160
0.432493 -30.970330
0.472688 -27.991210
0.474667 -24.922910
0.474727 -21.861240
0.474729 -18.959110
0.474728 -15.804030
0.474727 -12.866440
0.474727 -9.938744
0.474728 -6.934830
0.474728 -3.886360
0.474731 -0.806000
0.474726 2.298134
0.474730 5.148911
0.474731 8.013794
0.474728 11.212800
0.474730 14.152460
0.454967 17.116010
0.382942 20.112870
0.361860 23.137590
0.360667 26.220380
0.400434 29.274810
0.467378 32.073620
0.541663 35.206560
0.551626 38.050920
0.489135 41.244160
0.448186 44.194410
0.458295 47.063100
0.490354 50.023670
0.455297 53.329380
0.442436 56.315780
0.445490 59.347200
0.494331 62.368930
0.503904 65.091610
0.462739 68.151000
0.452170 71.226700
0.449229 74.000690
0.403407 77.146650
0.335268 80.372420
0.276175 83.189240
0.256466 86.009080
0.254390 89.243990
0.254237 92.138870
0.254222 95.067890
0.254221 98.010640
0.251824 101.376600
0.216168 104.279400
0.202278 107.240700
0.200915 110.244100
0.200779 113.305200
0.220743 116.304000
0.277983 119.361200
0.330369 122.069100
0.389543 125.144800
0.449016 128.254200
0.501539 131.015100
0.551164 134.135500
0.548490 137.295600
0.506338 140.105600
0.486125 143.275500
0.483360 146.138300
0.448954 149.382800
0.431955 152.172200
0.451453 155.013800
0.506160 158.286500
0.512978 161.179500
0.477355 164.082100
0.424747 167.026000
0.365874 170.337600
0.346467 173.280700
0.361487 176.261000
0.408737 179.208600
0.460827 182.195000
0.513268 185.215800
0.534190 188.200100
0.503954 191.255100
0.486781 194.312200
0.467044 197.317800
0.453635 200.415000
0.449569 203.059100
0.416849 206.154000
0.391174 209.281600
0.387791 212.393700
0.387361 215.041100
0.387278 218.197000
0.407473 221.378400
0.449877 224.101700
0.475628 227.274900
0.478898 230.003500
0.479511 233.214200
0.479589 236.007900
0.479605 239.216400
0.479614 242.001800
0.491073 245.316200
0.528266 248.124600
0.560085 251.405800
0.558709 254.194000
0.529714 257.037300
0.482266 260.357700
0.471748 263.233500
0.476110 266.104800
0.515072 269.477900
0.545400 272.425300
0.551083 275.316600
0.552131 278.233000
0.552308 281.158900
0.551004 284.044700
0.526080 287.040300
0.489899 290.448600
0.484062 293.424200
0.483029 296.399100
0.482843 299.386900
0.471995 302.379300
0.440324 305.426100
0.431090 308.418700
0.442894 311.451100
0.480991 314.489000
0.518237 317.035000
0.542659 320.093500
0.538634 323.156600
0.506394 326.275800
0.462211 329.335700
0.437899 332.429400
0.433856 335.022300
0.432736 338.186500
0.439057 341.262200
0.473294 344.471600
0.489471 347.027200
0.493810 350.188200
0.494579 353.355600
0.494693 356.004300
0.494744 359.188300
0.494746 362.391400
0.494751 365.057400
0.494739 368.317500
0.494738 371.499400
0.494746 374.236800
0.494748 377.459000
0.493192 380.179500
0.468390 383.462100
0.432508 386.142500
0.387247 389.472900
0.370647 392.171500
0.366263 395.474600
0.365541 398.234900
0.365368 401.036800
0.366887 404.391600
0.385095 407.108600
0.427308 410.448500
0.464489 413.246000
0.501679 416.050700
0.546306 419.425900
0.581501 422.234900
0.594411 425.097600
0.582663 428.459500
0.551847 431.345200
0.515169 434.156700
0.477640 437.040100
0.432799 440.494100
0.412266 443.317500
0.421497 446.209000
0.449396 449.105500
0.479570 452.569000
0.476113 455.475700
0.451557 458.380100
0.419484 461.280900
0.409776 464.207900
0.419504 467.150700
0.447875 470.092000
0.484938 473.027400
0.513463 476.589500
0.504195 479.535200
0.476032 482.534600
0.438864 485.507400
0.401919 488.469800
0.373301 491.495000
0.376142 494.434200
0.393140 497.444200
0.395922 500.443600
0.379059 503.459900
0.344477 506.532100
0.312964 509.509400
0.303074 512.610400
0.302380 515.021800
0.318836 518.044300
0.352742 521.120800
0.390549 524.237100
0.427026 527.251500
0.462516 530.317900
0.475403 533.412800
0.478424 536.495700
0.479139 539.595800
0.479297 542.137300
0.479354 545.273100
0.479367 548.320000
0.477925 551.468800
0.464467 554.012800
0.434366 557.082500
0.421250 560.241900
0.418200 563.443200
0.431014 566.554400
0.455221 569.107700
0.483437 572.316300
0.490426 575.437800
0.491965 578.043200
0.492502 581.236900
0.492650 584.387300
0.492685 587.680800
0.492658 590.163500
0.490822 593.556300
0.477333 596.073900
0.451251 599.199600
0.442574 602.453100
0.440729 605.038100
0.440079 608.334200
0.439927 611.594500
0.439887 614.250400
0.439888 617.450400
0.439870 620.063900
0.446808 623.407400
0.466945 626.656900
0.467528 629.339300
0.449132 632.578400
0.421521 635.233600
0.393474 638.596900
0.387180 641.217400
0.384891 644.571800
0.384424 647.218100
0.384238 650.554600
0.394668 653.265000
0.424154 656.598400
0.449011 659.311800
0.457547 662.012500
0.454709 665.476500
0.438836 668.097100
0.403568 671.507300
0.383719 674.193700
0.376597 677.570700
0.375071 680.297100
0.374577 683.084200
0.374406 686.439500
0.374374 689.186800
0.374372 692.612200
0.374360 695.434000
0.381106 698.202500
0.407143 701.662800
0.434337 704.373300
0.445751 707.163000
0.449698 710.580900
0.450574 713.412700
0.450849 716.176300
0.450954 719.686500
0.450952 722.422000
0.450981 725.282300
0.450977 728.028000
0.450975 731.539200
0.450965 734.418500
0.450965 737.183800
0.450967 740.002700
0.450961 743.617100
0.450976 746.372300
0.450982 749.210900
0.455251 752.043700
0.472480 755.661700
0.477614 758.516500
0.479218 761.366800
0.479736 764.183500
0.479886 767.042600
0.479943 770.688300
0.479949 773.507800
0.479948 776.450200
0.473320 779.271900
0.453931 782.176000
0.426257 785.097800
0.413406 788.697200
0.410681 791.594900
0.409807 794.563600
0.409525 797.521000
0.419499 800.334800
0.441376 803.251800
0.455092 806.186800
0.459419 809.119800
0.460817 812.124300
0.461237 815.059600
0.461393 818.011500
0.451024 821.668900
0.428974 824.591900
0.398979 827.578900
0.383341 830.617800
0.378645 833.535200
0.377094 836.530500
0.376621 839.508500
0.376461 842.551100
0.376410 845.408400
0.379989 848.423300
0.396232 851.394900
0.421742 854.391400
0.433418 857.506700
0.437287 860.479100
0.438413 863.428500
0.438792 866.451500
0.438874 869.473500
0.438922 872.505600
0.438927 875.538000
0.438920 878.572300
0.438936 881.606900
0.438957 884.661300
0.438957 887.714700
0.438937 890.221400
0.438928 893.064600
0.438963 896.133400
0.438937 899.199600
0.438937 902.268900
0.438936 905.344200
0.438965 908.421300
0.438931 911.516900
0.438939 914.607200
0.438939 917.013500
0.438939 920.174200
0.438922 923.129400
0.438934 926.304800
0.438947 929.525000
0.438941 932.470500
0.438938 935.620000
0.438934 938.769800
0.438928 941.119000
0.438940 944.231000
0.438938 947.337200
0.438943 950.593100
0.438935 953.689700
0.438941 956.078200
0.438940 959.145300
0.438941 962.309000
0.438939 965.526600
0.438934 968.711200
0.438939 971.037600
0.438929 974.206800
0.438915 977.395100
0.438916 980.570600
0.438940 983.807400
0.438941 986.203600
0.438935 989.368000
0.438941 992.555900
0.438920 995.821800
0.438944 998.202900
0.438944 1001.494000
0.438945 1004.910000
0.438939 1007.899000
0.438941 1010.032000
0.438914 1013.518000
0.438931 1016.776000
0.438931 1019.240000
0.438943 1022.858000
0.438931 1025.982000
0.438939 1028.109000
0.438933 1031.341000
0.432048 1034.679000
0.418242 1037.184000
0.402409 1040.408000
0.402364 1043.577000
0.412194 1046.030000
0.435963 1049.329000
0.465696 1052.614000
0.488417 1055.126000
0.503241 1058.357000
0.508118 1061.673000
0.507884 1064.251000
0.496459 1067.448000
0.475186 1070.744000
0.467011 1073.231000
0.462949 1076.560000
0.461788 1079.185000
0.461256 1082.378000
0.471466 1085.787000
0.486183 1088.202000
0.504791 1091.547000
0.509763 1094.123000
0.512062 1097.406000
0.512869 1100.843000
0.513035 1103.272000
0.505970 1106.814000
0.493178 1109.198000
0.467446 1112.547000
0.457810 1115.121000
0.453064 1118.418000
0.451530 1121.798000
0.451132 1124.405000
0.450910 1127.722000
0.450847 1130.349000
0.450829 1133.729000
0.450825 1136.217000
0.450835 1139.612000
0.450784 1142.238000
0.443672 1145.573000
0.430342 1148.131000
0.404783 1151.543000
0.395052 1154.116000
0.396269 1157.709000
0.406043 1160.125000
0.430691 1163.627000
0.452965 1166.207000
0.480252 1169.567000
0.490275 1172.269000
0.494870 1175.620000
0.496241 1178.214000
0.496915 1181.669000
0.490602 1184.293000
0.471757 1187.733000
0.450485 1190.325000
0.425172 1193.283000
0.411840 1196.436000
0.407642 1199.102000
0.405655 1202.620000
0.405091 1205.177000
0.404830 1208.628000
0.404737 1211.249000
0.404681 1214.749000
0.406202 1217.393000
0.415115 1220.012000
0.437220 1223.516000
0.461456 1226.386000
0.475396 1229.670000
0.479537 1232.320000
0.481296 1235.044000
0.482179 1238.604000
0.482404 1241.307000
0.482512 1244.759000
0.478844 1247.412000
0.467720 1250.080000
0.442911 1253.569000
0.430037 1256.234000
0.423507 1259.858000
0.421843 1262.474000
0.421156 1265.151000
0.430825 1268.794000
0.445744 1271.454000
0.455370 1274.068000
0.460394 1277.654000
0.461739 1280.344000
0.460771 1283.087000
0.448334 1286.629000
0.431028 1289.334000
0.413757 1292.040000
0.405256 1295.715000
0.403005 1298.456000
0.402142 1301.068000
0.401651 1304.678000
0.401496 1307.473000
0.405043 1310.135000
0.420855 1313.727000
0.438616 1316.451000
0.447278 1319.175000
0.451601 1322.828000
0.452729 1325.547000
0.453235 1328.297000
0.453479 1331.130000
0.453565 1334.030000
0.453611 1337.507000
0.453617 1340.242000
0.453611 1343.877000
0.453641 1346.658000
0.453596 1349.419000
0.453608 1352.177000
0.450022 1355.762000
0.438665 1358.609000
0.421218 1361.304000
0.402616 1364.251000
0.394576 1367.769000
0.392176 1370.680000
0.391267 1373.321000
0.390877 1376.099000
0.390682 1379.807000
0.390616 1382.597000
0.390574 1385.380000
0.390582 1388.271000
0.390570 1391.891000
0.390558 1394.717000
0.392111 1397.517000
0.401234 1400.386000
0.416235 1403.088000
0.443566 1406.862000
0.453415 1409.714000
0.457416 1412.463000
0.459144 1415.274000
0.459912 1418.092000
0.460282 1421.894000
0.460379 1424.671000
0.460445 1427.495000
0.460444 1430.431000
0.460438 1433.186000
0.460431 1437.024000
0.460440 1439.792000
0.460436 1442.624000
0.460463 1445.341000
0.460445 1448.274000
0.460391 1451.125000
0.460467 1454.927000
0.460456 1457.786000
0.460421 1460.644000
0.460460 1463.514000
0.460467 1466.386000
0.460389 1469.240000
0.460484 1472.101000
0.460459 1475.952000
0.460459 1478.842000
0.460463 1481.709000
0.460405 1484.587000
0.460452 1487.450000
0.460480 1490.393000
0.460444 1493.248000
0.460455 1496.126000
0.460406 1499.038000
0.460437 1502.901000
0.460426 1505.706000
0.460449 1508.677000
0.460424 1511.512000
0.460449 1514.406000
0.460449 1517.325000
0.462584 1520.266000
0.471474 1523.177000
0.485051 1526.086000
0.491803 1529.008000
0.495259 1532.935000
0.496167 1535.856000
0.496504 1538.764000
0.496679 1541.732000
0.496790 1544.560000
0.493128 1547.476000
0.481914 1550.431000
0.462339 1553.624000
0.447038 1556.273000
0.439633 1559.227000
0.436510 1562.185000
0.435193 1565.141000
0.434656 1568.071000
0.440964 1571.096000
0.454005 1574.060000
0.478367 1577.902000
0.488170 1580.969000
0.492010 1583.838000
0.493871 1587.297000
0.494454 1589.777000
0.494820 1592.822000
0.494906 1595.735000
0.487988 1598.845000
0.475175 1601.742000
0.457776 1604.712000
0.449247 1607.677000
0.445645 1610.670000
0.444089 1613.650000
0.443412 1616.610000
0.443149 1619.609000
0.443041 1622.599000
0.443031 1625.602000
0.442973 1628.663000
0.442969 1631.669000
0.442969 1634.686000
0.442949 1637.607000
0.442963 1640.696000
0.442978 1643.666000
0.442911 1646.649000
0.442939 1649.675000
0.442997 1652.693000
0.442966 1655.714000
0.446513 1658.729000
0.457655 1661.757000
0.475542 1664.800000
0.492713 1667.821000
0.501628 1670.975000
0.510082 1673.002000
0.528896 1676.962000
0.534858 1680.029000
0.536739 1682.050000
0.538136 1685.160000
0.538746 1688.141000
0.538955 1691.193000
0.539123 1694.239000
0.532627 1697.335000
0.519340 1700.376000
0.499440 1703.438000
0.482252 1706.494000
0.474922 1709.569000
0.471871 1712.656000
0.472012 1715.736000
0.479842 1718.843000
0.494308 1721.958000
0.508579 1725.003000
0.513161 1727.056000
0.513283 1730.078000
0.504321 1733.181000
0.488690 1736.295000
0.469234 1739.341000
0.459197 1742.458000
0.455069 1745.576000
0.453361 1748.669000
0.452639 1751.813000
0.452287 1754.889000
0.452198 1757.991000
0.452163 1760.061000
0.452130 1763.186000
0.452114 1766.290000
0.452106 1769.436000
0.452086 1772.530000
0.452076 1775.656000
0.452081 1778.786000
0.452095 1781.976000
0.452106 1784.118000
0.452114 1787.207000
0.452079 1790.251000
0.452121 1793.479000
0.452081 1796.582000
0.452091 1799.758000
0.452097 1802.821000
0.452061 1805.969000
0.452091 1808.075000
0.452126 1811.301000
0.452090 1814.458000
0.452097 1817.637000
0.452087 1820.693000
0.452102 1823.854000
0.452101 1827.019000
0.452111 1829.225000
0.452086 1832.306000
0.452105 1835.472000
0.452085 1838.645000
0.452109 1841.892000
0.452047 1845.008000
0.452091 1847.127000
0.452075 1850.311000
0.452127 1853.509000
0.452119 1856.687000
0.452125 1859.881000
0.452083 1862.103000
0.452103 1865.217000
0.452110 1868.498000
0.452094 1871.632000
0.452109 1874.901000
0.452111 1878.054000
0.452043 1880.151000
0.452085 1883.446000
0.452109 1886.673000
0.452114 1889.788000
0.452095 1892.017000
0.452103 1895.158000
0.452095 1898.420000
0.452129 1901.600000
0.452061 1904.829000
0.452085 1908.140000
0.452045 1910.211000
0.452094 1913.534000
0.452101 1916.684000
0.452069 1919.934000
0.452121 1922.217000
0.452138 1925.508000
0.451111 1928.972000
0.445159 1931.819000
0.436638 1934.073000
0.418809 1937.323000
0.398500 1940.565000
0.388631 1943.945000
0.385761 1946.020000
0.383516 1949.195000
0.382496 1952.464000
0.382095 1955.809000
0.385710 1958.040000
0.396323 1961.234000
0.413444 1964.442000
0.430456 1967.725000
0.436143 1970.008000
0.440035 1973.191000
0.441727 1976.473000
0.442452 1979.761000
0.442659 1982.045000
0.442837 1985.309000
0.442942 1988.542000
0.442929 1991.832000
0.442991 1994.134000
0.442988 1997.330000
0.442991 2000.700000
0.442994 2003.935000
0.443005 2006.147000
0.442972 2009.450000
0.442962 2012.762000
0.442980 2016.076000
0.445224 2018.436000
0.453785 2021.609000
0.469295 2024.918000
0.477049 2027.129000
0.482919 2030.483000
0.483927 2034.034000
0.480560 2036.074000
0.469474 2039.419000
0.454276 2042.690000
0.446528 2046.060000
0.444216 2048.253000
0.442362 2051.587000
0.441582 2054.931000
0.441291 2057.542000
0.441094 2060.681000
0.441047 2063.868000
0.441012 2066.189000
0.440964 2069.476000
0.440986 2072.811000
0.441009 2075.077000
0.440974 2078.480000
0.436661 2081.769000
0.429875 2084.039000
0.414560 2087.387000
0.399026 2090.759000
0.393995 2093.015000
0.390311 2096.383000
0.392024 2099.857000
0.397339 2102.096000
0.410767 2105.423000
0.431678 2108.921000
0.446965 2111.238000
0.463258 2114.493000
0.470413 2117.839000
0.472746 2120.087000
0.474511 2123.545000
0.475226 2126.896000
0.475467 2129.142000
0.475657 2132.545000
0.475705 2135.954000
0.475692 2138.427000
0.475721 2141.780000
0.474182 2144.058000
0.465648 2147.322000
0.452118 2150.722000
0.446996 2153.000000
0.443105 2156.440000
0.441474 2159.951000
0.441002 2162.140000
0.440574 2165.747000
0.440452 2168.999000
0.441985 2171.381000
0.450580 2174.719000
0.460923 2177.162000
0.480091 2180.456000
0.502949 2183.985000
0.517212 2186.190000
0.539478 2189.633000
0.560175 2193.119000
0.567327 2195.395000
0.572844 2198.904000
0.574663 2201.232000
0.575945 2204.726000
0.576428 2208.137000
0.576661 2210.437000
0.570311 2213.875000
0.561254 2216.478000
0.545191 2219.597000
0.522942 2223.067000
0.507431 2225.480000
0.485111 2228.958000
0.472490 2231.214000
0.462911 2234.644000
0.459705 2237.055000
0.457469 2240.463000
0.456446 2244.015000
0.456180 2246.271000
0.455872 2249.831000
0.455833 2252.198000
0.455781 2255.709000
0.455756 2259.146000
0.455038 2261.437000
0.448436 2264.916000
0.439559 2267.428000
0.422511 2270.745000
0.413373 2273.167000
0.406968 2276.604000
0.404809 2279.030000
0.403295 2282.537000
0.402654 2286.125000
0.403922 2288.490000
0.412543 2291.943000
0.421776 2294.233000
0.440814 2297.676000
0.456428 2300.155000
0.473670 2303.755000
0.477385 2306.379000
0.473482 2309.917000
0.470719 2313.075000
0.469750 2315.422000
0.468970 2318.914000
0.468745 2321.266000
0.468561 2324.799000
0.472401 2327.292000
0.470329 2331.120000
0.465897 2333.068000
0.452079 2336.692000
0.445379 2339.005000
0.439938 2342.696000
0.438298 2345.059000
0.437098 2348.588000
0.438196 2352.315000
0.442992 2354.580000
0.455540 2358.029000
0.467760 2360.395000
0.484811 2363.973000
0.490094 2366.338000
0.488844 2370.030000
0.483666 2372.430000
0.471001 2375.878000
0.460286 2378.333000
0.452564 2382.056000
0.450224 2384.241000
0.448417 2387.830000
0.447835 2390.327000
0.447419 2393.815000
0.447266 2396.352000
0.447155 2399.844000
0.447144 2402.214000
0.447078 2405.812000
0.447122 2408.324000
0.446394 2411.937000
0.442697 2414.339000
0.431381 2418.002000
0.420442 2420.348000
0.405153 2423.886000
0.399964 2426.373000
0.396356 2429.990000
0.395282 2432.309000
0.397765 2435.941000
0.403782 2438.417000
0.418569 2442.088000
0.432892 2444.660000
0.444294 2448.088000
0.448243 2450.443000
0.451125 2454.165000
0.451949 2456.508000
0.449023 2460.299000
0.442959 2462.676000
0.434191 2465.004000
0.414415 2468.757000
0.400004 2471.117000
0.387251 2474.730000
0.383091 2477.159000
0.380042 2480.825000
0.378990 2483.409000
0.378324 2486.935000
0.381763 2489.406000
0.392205 2493.018000
0.403029 2495.467000
0.424572 2499.190000
0.434414 2501.672000
0.439872 2504.146000
0.443887 2507.808000
0.445134 2510.226000
0.446155 2513.903000
0.447418 2516.517000
0.454119 2519.948000
0.462782 2522.428000
0.478907 2526.118000
0.485151 2528.648000
0.488629 2531.061000
0.491046 2534.696000
0.491875 2537.156000
0.492456 2540.870000
0.491024 2543.471000
0.482796 2547.031000
0.473003 2549.592000
0.453742 2553.215000
0.443882 2555.745000
0.438433 2558.219000
0.435484 2561.959000
0.437939 2564.372000
0.447762 2568.153000
0.457370 2570.533000
0.470822 2573.118000
0.492514 2576.728000
0.507623 2579.239000
0.525481 2583.030000
0.530718 2585.455000
0.534737 2589.152000
0.536004 2591.633000
0.536761 2594.137000
0.537267 2597.986000
0.535848 2600.650000
0.527206 2604.294000
0.518488 2606.581000
0.505553 2609.185000
0.483122 2612.963000
0.468946 2615.328000
0.456025 2619.080000
0.451902 2621.585000
0.449578 2624.071000
0.447788 2627.868000
0.447288 2630.343000
0.446867 2634.104000
0.446757 2636.611000
0.446722 2639.241000
0.444453 2642.918000
0.439252 2645.393000
0.425182 2649.299000
0.418590 2651.723000
0.414767 2654.199000
0.411925 2657.978000
0.410882 2660.605000
0.410486 2663.196000
0.409990 2666.789000
0.409906 2669.320000
0.409929 2673.107000
0.409793 2675.615000
0.409039 2678.407000
0.402603 2681.932000
0.395717 2684.655000
0.394727 2687.118000
0.399866 2690.956000
0.406706 2693.398000
0.422867 2697.197000
0.436869 2699.667000
0.452117 2702.290000
0.472381 2706.052000
0.479751 2708.576000
0.483861 2711.119000
0.487027 2714.922000
0.488040 2717.584000
0.488533 2720.048000
0.488984 2723.941000
0.489035 2726.379000
0.489197 2730.311000
0.489195 2732.756000
0.489150 2735.313000
0.489229 2739.148000
0.489283 2741.749000
0.489406 2744.359000
0.487664 2748.298000
0.482768 2750.635000
0.474401 2753.220000
0.456762 2757.027000
0.447794 2759.618000
0.442895 2762.184000
0.439138 2766.135000
0.437989 2768.721000
0.437422 2771.171000
0.436819 2775.122000
0.436699 2777.885000
0.436599 2780.167000
0.436522 2784.101000
0.436493 2786.696000
0.436408 2789.180000
0.436525 2793.143000
0.436554 2795.625000
0.436498 2798.294000
0.436440 2802.053000
0.436496 2804.657000
0.436390 2807.238000
0.436477 2811.126000
0.436408 2813.826000
0.436427 2816.401000
0.436484 2820.288000
0.436474 2822.866000
0.440039 2825.465000
0.447071 2828.152000
0.462502 2831.954000
0.473605 2834.414000
0.480200 2837.025000
0.485222 2840.947000
0.486838 2843.605000
0.487659 2846.237000
0.488303 2850.038000
0.488481 2852.653000
0.488655 2855.260000
0.482082 2859.268000
0.473824 2861.911000
0.463033 2864.467000
0.455148 2867.129000
0.449412 2871.063000
0.447570 2873.527000
0.446547 2876.239000
0.445746 2880.213000
0.445606 2882.786000
0.445443 2885.430000
0.445372 2888.012000
0.445289 2891.845000
0.446713 2894.543000
0.451980 2897.164000
0.465543 2901.173000
0.477449 2903.647000
0.492309 2906.273000
0.512967 2910.270000
0.520051 2912.858000
0.524461 2915.626000
0.526686 2918.108000
0.528487 2922.179000
0.529057 2924.802000
0.529391 2927.418000
0.525786 2930.059000
0.515194 2933.977000
0.504623 2936.553000
0.493164 2939.206000
0.486950 2943.344000
0.489462 2945.804000
0.495325 2948.454000
0.504038 2951.107000
0.522833 2955.079000
0.538035 2957.788000
0.550853 2960.355000
0.558112 2963.028000
0.563694 2967.010000
0.565452 2969.858000
0.566402 2972.321000
0.567150 2976.309000
0.565412 2978.003000
0.557449 2981.703000
0.548317 2984.329000
0.528836 2988.300000
0.513379 2991.068000
0.498691 2993.705000
0.483704 2996.380000
0.468511 2999.102000
0.456273 3002.953000
0.452093 3005.630000
0.449748 3008.415000
0.448115 3012.350000
0.447483 3014.986000
0.447176 3017.641000
0.447005 3020.460000
0.446898 3024.374000
0.446757 3027.013000
0.446790 3029.687000
0.446874 3032.368000
0.446780 3035.059000
0.446832 3039.767000
0.446750 3041.761000
0.446743 3044.429000
0.446795 3047.146000
0.442457 3051.147000
0.435626 3053.878000
0.426116 3056.546000
0.413134 3059.320000
0.390448 3063.430000
0.375883 3066.063000
0.361477 3068.675000
0.345813 3071.520000
0.336740 3074.045000
0.329297 3078.240000
0.327113 3080.825000
0.325788 3083.530000
0.325063 3086.225000
0.324522 3090.288000
0.325811 3093.019000
0.330802 3095.706000
0.339044 3098.501000
0.349925 3101.180000
0.371305 3105.250000
0.386447 3108.017000
0.395629 3110.586000
0.401216 3113.328000
0.404201 3116.043000
0.406642 3120.326000
0.407271 3122.838000
0.407719 3125.585000
0.407975 3128.281000
0.408092 3131.008000
0.408103 3135.094000
0.410344 3137.803000
0.415636 3140.527000
0.423908 3143.269000
0.435136 3146.009000
0.455271 3150.182000
0.462681 3152.925000
0.466823 3155.702000
0.469165 3158.458000
0.470448 3161.147000
0.471431 3165.257000
0.470202 3168.136000
0.465729 3170.589000
0.457545 3173.471000
0.447002 3176.152000
0.425985 3180.203000
0.411174 3182.944000
0.395525 3185.829000
0.386260 3188.439000
0.380522 3191.296000
0.377427 3194.006000
0.375156 3198.166000
0.374383 3200.922000
0.373986 3203.679000
0.373721 3206.316000
0.377385 3209.153000
0.387865 3213.184000
0.398951 3215.961000
0.412780 3218.719000
0.428314 3221.592000
0.443199 3224.355000
0.458710 3227.243000
0.474960 3231.194000
0.480268 3233.928000
0.483464 3236.724000
0.485069 3239.455000
0.486093 3242.291000
0.486837 3246.496000
0.487003 3249.221000
0.487217 3252.018000
0.487288 3254.687000
0.487308 3257.537000
0.487367 3260.406000
0.487449 3263.022000
0.487342 3267.300000
0.487449 3270.094000
0.487448 3272.882000
0.487455 3275.655000
0.487431 3278.461000
0.487434 3281.229000
0.487296 3284.001000
0.487409 3288.056000
0.487355 3290.961000
0.487337 3293.637000
0.487356 3296.427000
0.487403 3299.428000
0.487425 3302.156000
0.487308 3306.325000
0.487431 3309.117000
0.487409 3311.962000
0.487485 3314.749000
0.487331 3317.506000
0.487424 3320.280000
0.487481 3323.101000
0.487416 3327.282000
0.487421 3330.001000
0.487359 3332.808000
0.487299 3335.719000
0.487409 3338.426000
0.487425 3341.229000
0.487425 3344.038000
0.487428 3348.399000
0.487312 3351.182000
0.487478 3353.885000
0.487290 3356.701000
0.487312 3359.542000
0.487375 3362.338000
0.487413 3365.179000
0.487421 3368.114000
0.487381 3372.314000
0.487399 3375.022000
0.487396 3377.964000
0.487418 3380.741000
0.485848 3383.615000
0.480661 3386.328000
0.472162 3389.292000
0.454783 3393.399000
0.445920 3396.227000
0.441013 3399.060000
0.438320 3401.893000
0.436733 3404.726000
0.437254 3407.652000
0.441430 3410.464000
0.448587 3413.324000
0.458882 3416.201000
