0.500000 -96.666660
0.500000 -93.327670
0.500000 -93.126980
0.500000 -90.839790
0.500000 -87.990700
0.500000 -84.864970
0.450649 -81.916850
0.401130 -78.965960
0.369856 -75.922730
0.416734 -72.985900
0.398627 -69.993130
0.398993 -66.933630
0.396056 -63.805220
0.396327 -60.838760
0.394670 -57.806290
0.394640 -54.924150
0.394639 -51.808860
0.394640 -48.847000
0.394641 -45.837670
0.394640 -42.994190
0.394640 -39.913130
0.394640 -36.969940
0.394640 -33.793030
0.394640 -30.805700
0.394640 -27.770580
0.394639 -24.958870
0.394640 -21.842610
0.394640 -18.963690
0.394640 -15.758040
0.394641 -12.802680
0.394639 -9.985909
0.394640 -6.713219
0.394638 -3.733429
0.422546 -0.830772
0.452051 2.163528
0.448102 5.054741
0.449595 8.226440
0.451578 11.185870
0.453916 14.110580
0.454052 17.125640
0.454058 20.136310
0.454061 23.153590
0.454061 26.222540
0.454058 29.015240
0.454062 32.174150
0.454060 35.290800
0.454061 38.171130
0.454056 41.057560
0.454057 44.272110
0.454058 47.205730
0.454058 50.188220
0.454059 53.167250
0.454058 56.144910
0.454062 59.172870
0.454059 62.253740
0.454059 65.285290
0.454060 68.077330
0.454056 71.315050
0.454061 74.272480
0.454059 77.743900
0.454057 80.306640
0.454057 83.133040
0.454059 86.264270
0.454061 89.354320
0.454060 92.077560
0.454057 95.365050
0.454060 98.355670
0.454060 101.485400
0.454057 104.858800
0.454056 107.083900
0.454061 110.152800
0.454058 113.064500
0.454064 116.067200
0.454057 119.104200
0.454065 122.329100
0.454060 125.254300
0.454058 128.323900
0.454056 131.157000
0.454061 134.158500
0.454059 137.276800
0.454058 140.511200
0.454057 143.198500
0.454059 146.316300
0.454062 149.134900
0.454061 152.409400
0.454062 155.144400
0.454063 158.412000
0.454057 161.376800
0.454056 164.090600
0.454061 167.375400
0.454054 170.296800
0.454060 173.039100
0.454062 176.098800
0.454060 179.009200
0.454057 182.431900
0.454059 185.316400
0.454059 188.285700
0.454061 191.043700
0.454061 194.284900
0.454057 197.324800
0.454055 200.389800
0.454056 203.380700
0.454064 206.404300
0.454058 209.058600
0.454056 212.085200
0.454063 215.430400
0.454052 218.086100
0.454062 221.389400
0.454052 224.123100
0.454061 227.598500
0.454061 230.346600
0.454055 233.078600
0.454064 236.418500
0.456138 239.020800
0.487694 242.204100
0.530357 245.377600
0.524230 248.182200
0.506226 251.377800
0.503611 254.163200
0.503103 257.432000
0.503053 260.256800
0.503042 263.050500
0.503037 266.352000
0.503038 269.228200
0.503021 272.077400
0.503047 275.419300
0.503034 278.288000
0.503019 281.170500
0.503027 284.041100
0.503033 287.411400
0.503020 290.358100
0.503026 293.256400
0.500872 296.187100
0.476416 299.129900
0.436925 302.081000
0.436744 305.054900
0.460181 308.021800
0.467423 311.016300
0.468707 314.050300
0.468945 317.036900
0.468982 320.070400
0.468984 323.058700
0.468990 326.096000
0.468995 329.189100
0.468988 332.202100
0.468985 335.271900
0.468993 338.395100
0.468988 341.466600
0.468982 344.019400
0.468987 347.126500
0.468987 350.250400
0.468992 353.370200
0.468977 356.554800
0.468987 359.134800
0.468984 362.286400
0.468987 365.452000
0.468978 368.094500
0.468991 371.344000
0.468983 374.541600
0.468978 377.180800
0.468995 380.398200
0.468976 383.053800
0.468989 386.288800
0.468980 389.578500
0.468994 392.237100
0.468986 395.022900
0.468987 398.225500
0.468982 401.522100
0.468987 404.291500
0.468983 407.011800
0.468986 410.418500
0.468987 413.088400
0.468984 416.610000
0.468980 419.310600
0.468988 422.328100
0.468989 425.359700
0.468990 428.285800
0.468988 431.136000
0.468993 434.565400
0.468992 437.116000
0.468991 440.514900
0.468993 443.355300
0.469001 446.985900
0.468991 449.066600
0.468989 452.470600
0.468994 455.409300
0.468992 458.289200
0.468997 461.086700
0.468994 464.281700
0.460017 467.468700
0.456698 470.452900
0.438758 473.251100
0.434190 476.158300
0.440213 479.155900
0.435746 482.019500
0.434603 485.533700
0.434407 488.468500
0.434357 491.413600
0.434349 494.397200
0.434341 497.354400
0.434343 500.303300
0.434344 503.273400
0.434333 506.244100
0.434344 509.228400
0.434341 512.241600
0.434346 515.289600
0.434349 518.305100
0.434341 521.276900
0.434342 524.356400
0.434344 527.338700
0.434339 530.423800
0.434339 533.425700
0.434351 536.484700
0.434347 539.556600
0.434354 542.055700
0.434341 545.072800
0.434347 548.181500
0.434349 551.244200
0.434342 554.341100
0.435883 557.464400
0.454084 560.542500
0.482229 563.093200
0.520012 566.267500
0.556006 569.297800
0.593207 572.437000
0.632060 575.721400
0.660461 578.127300
0.698515 581.365000
0.734337 584.414300
0.747751 587.581800
0.734371 590.129000
0.701438 593.341700
0.668553 596.558100
0.664841 599.094400
0.680506 602.415200
0.712104 605.489700
0.727291 608.128800
0.719856 611.298000
0.693518 614.557000
0.663994 617.127100
0.626962 620.357400
0.589866 623.600500
0.560271 626.195900
0.522234 629.532000
0.493400 632.068200
0.455427 635.411200
0.434637 638.023300
0.437899 641.356600
0.459639 644.554700
0.488690 647.200700
0.525952 650.516400
0.541235 653.182300
0.533859 656.518100
0.514634 659.176100
0.478247 662.504000
0.463417 665.166000
0.470759 668.492000
0.490149 671.183800
0.508903 674.544600
0.501415 677.252800
0.477753 680.602800
0.472438 683.401800
0.462356 686.013500
0.431000 689.557000
0.403426 692.189800
0.395089 695.528400
0.405152 698.258300
0.427857 701.029000
0.455850 704.414600
0.455090 707.214400
0.436386 710.637800
0.430610 713.406500
0.441100 716.169700
0.449369 719.554600
0.451187 722.325500
0.451753 725.109700
0.451979 728.623200
0.452007 731.358000
0.452021 734.181300
0.452028 737.634200
0.452809 740.455100
0.463505 743.316500
0.485066 746.028400
0.513838 749.615800
0.512947 752.357000
0.499171 755.248400
0.487176 758.039700
0.495967 761.546900
0.491465 764.432600
0.481997 767.226800
0.489388 770.072300
0.486552 773.626700
0.490166 776.505900
0.486569 779.333400
0.490312 782.203600
0.486582 785.074200
0.488077 788.111100
0.485730 791.619400
0.484328 794.483800
0.483546 797.331500
0.485758 800.202100
0.484254 803.122400
0.483536 806.015400
0.483456 809.708400
0.479813 812.558300
0.472379 815.468700
0.453049 818.394300
0.435063 821.304300
0.438793 824.315200
0.452678 827.188700
0.452007 830.127000
0.440888 833.087300
0.444613 836.009200
0.460317 839.704500
0.455958 842.662100
0.452162 845.632400
0.455946 848.607200
0.456485 851.583800
0.454250 854.616800
0.455591 857.591700
0.456478 860.520600
0.454313 863.505900
0.455959 866.482100
0.447713 869.491500
0.450035 872.500000
0.444905 875.503400
0.443407 878.532000
0.444941 881.532000
0.445667 884.568300
0.443428 887.614700
0.443425 890.613000
0.442037 893.667200
0.438311 896.746900
0.439024 899.007800
0.435080 902.021500
0.433407 905.116500
0.431866 908.153200
0.429595 911.228100
0.431849 914.429500
0.430549 917.343600
0.429042 920.463000
0.428321 923.519400
0.430496 926.638100
0.429061 929.665400
0.428201 932.815900
0.430416 935.144700
0.428218 938.263500
0.429623 941.357300
0.430349 944.465500
0.428085 947.573900
0.429520 950.641100
0.430241 953.798700
0.428064 956.107500
0.430295 959.237200
0.428826 962.421600
0.428162 965.518700
0.430378 968.657600
0.428155 971.104700
0.429622 974.263200
0.430350 977.401600
0.428139 980.561900
0.429639 983.744100
0.428964 986.176100
0.428020 989.302500
0.426434 992.440600
0.424937 995.568500
0.415877 998.762100
0.415099 1001.173000
0.411529 1004.371000
0.409400 1007.736000
0.411616 1010.749000
0.409383 1013.238000
0.409442 1016.376000
0.409497 1019.633000
0.408459 1022.050000
0.407941 1025.241000
0.410238 1028.481000
0.408635 1031.710000
0.409370 1034.141000
0.410072 1037.367000
0.407918 1040.636000
0.410149 1043.082000
0.408527 1046.370000
0.409810 1049.618000
0.416455 1052.040000
0.435314 1055.295000
0.464373 1058.576000
0.482816 1061.123000
0.486520 1064.389000
0.476433 1067.601000
0.462539 1070.142000
0.461823 1073.362000
0.475256 1076.668000
0.479718 1079.145000
0.472121 1082.541000
0.466225 1085.745000
0.473218 1088.310000
0.472472 1091.617000
0.470419 1094.040000
0.471883 1097.360000
0.471897 1100.694000
0.471009 1103.197000
0.471148 1106.553000
0.471909 1109.087000
0.471959 1112.390000
0.473499 1115.735000
0.474282 1118.242000
0.472500 1121.042000
0.474493 1124.139000
0.474459 1127.508000
0.474119 1130.033000
0.474137 1133.402000
0.469451 1137.164000
0.459605 1139.322000
0.436505 1142.706000
0.429663 1145.249000
0.435031 1148.687000
0.430651 1151.190000
0.416519 1154.637000
0.415892 1157.224000
0.426361 1160.621000
0.435151 1163.151000
0.444604 1166.602000
0.448866 1169.107000
0.452710 1172.649000
0.457447 1175.288000
0.459370 1178.541000
0.468422 1181.157000
0.484264 1184.565000
0.482934 1187.151000
0.487518 1190.648000
0.499009 1193.296000
0.521514 1196.651000
0.528277 1199.279000
0.521091 1202.708000
0.514332 1205.313000
0.522515 1209.030000
0.535097 1211.447000
0.555048 1214.045000
0.569984 1217.548000
0.567760 1220.119000
0.554488 1223.634000
0.536740 1226.232000
0.506838 1229.759000
0.483334 1232.526000
0.459867 1235.293000
0.436995 1238.503000
0.432359 1241.459000
0.439422 1244.666000
0.453187 1247.393000
0.458914 1250.847000
0.452255 1253.494000
0.440842 1256.222000
0.441725 1259.687000
0.450820 1262.381000
0.453081 1265.005000
0.444996 1268.547000
0.447174 1271.255000
0.444956 1274.890000
0.445646 1277.514000
0.444934 1280.152000
0.443445 1283.794000
0.445611 1286.371000
0.440965 1289.137000
0.442481 1292.698000
0.440309 1295.383000
0.438662 1298.094000
0.439491 1301.808000
0.437373 1304.336000
0.436039 1307.014000
0.434641 1310.619000
0.434689 1313.326000
0.433919 1316.047000
0.432377 1319.653000
0.430204 1322.368000
0.430432 1325.081000
0.429384 1328.904000
0.431643 1331.446000
0.429423 1334.174000
0.431723 1337.937000
0.429561 1340.688000
0.431743 1343.363000
0.429470 1346.167000
0.430687 1349.747000
0.429983 1352.415000
0.430700 1355.206000
0.429067 1359.031000
0.424884 1361.635000
0.423477 1364.341000
0.413784 1367.278000
0.405422 1370.014000
0.394552 1373.520000
0.395879 1376.284000
0.398167 1379.062000
0.394515 1382.874000
0.395553 1385.628000
0.394183 1388.360000
0.396391 1391.118000
0.394134 1394.855000
0.398570 1397.643000
0.396956 1400.450000
0.399598 1403.400000
0.406029 1406.157000
0.410462 1409.674000
0.421720 1412.509000
0.439329 1415.278000
0.457281 1418.092000
0.461117 1421.893000
0.454606 1424.626000
0.443347 1427.441000
0.442326 1430.256000
0.449164 1433.130000
0.466492 1436.916000
0.468633 1439.844000
0.462169 1442.563000
0.450923 1445.392000
0.450281 1448.221000
0.457033 1451.057000
0.463094 1454.763000
0.456294 1457.674000
0.455657 1460.521000
0.460169 1463.373000
0.457905 1466.211000
0.458631 1469.068000
0.458568 1472.865000
0.459635 1475.696000
0.457400 1478.581000
0.459546 1481.386000
0.457298 1484.270000
0.459527 1487.185000
0.457212 1490.909000
0.459634 1493.790000
0.457310 1496.745000
0.459472 1499.578000
0.457166 1502.458000
0.459389 1505.342000
0.457170 1508.239000
0.461666 1511.112000
0.463877 1514.973000
0.465948 1517.838000
0.470453 1520.760000
0.479492 1523.676000
0.478049 1526.519000
0.475712 1529.479000
0.482389 1532.385000
0.483179 1535.288000
0.482354 1538.144000
0.483091 1541.050000
0.485369 1544.973000
0.485375 1547.852000
0.484546 1550.790000
0.485396 1553.698000
0.484580 1556.642000
0.485432 1559.557000
0.484732 1562.488000
0.485449 1565.426000
0.484662 1568.362000
0.485457 1571.303000
0.484680 1574.273000
0.480375 1577.193000
0.478132 1580.131000
0.477355 1583.168000
0.475274 1586.067000
0.474435 1589.027000
0.470243 1593.034000
0.467974 1595.914000
0.461335 1598.876000
0.461244 1601.822000
0.459049 1604.804000
0.458225 1607.837000
0.456010 1610.796000
0.456888 1613.749000
0.456031 1616.783000
0.456676 1619.719000
0.461069 1622.771000
0.467630 1625.657000
0.472123 1628.652000
0.473766 1631.695000
0.482637 1634.691000
0.497907 1637.628000
0.518938 1640.777000
0.527318 1643.681000
0.524938 1646.744000
0.516175 1649.695000
0.503828 1652.212000
0.499955 1655.663000
0.506694 1658.680000
0.517905 1661.718000
0.518625 1664.728000
0.511886 1667.802000
0.511016 1670.767000
0.517785 1673.850000
0.518644 1676.813000
0.517865 1679.857000
0.515531 1682.885000
0.511125 1685.919000
0.504059 1688.064000
0.488838 1692.035000
0.488653 1694.016000
0.489477 1697.082000
0.487185 1700.123000
0.486436 1703.169000
0.485712 1706.247000
0.486513 1709.306000
0.485741 1712.362000
0.486531 1715.413000
0.484242 1718.469000
0.485037 1721.537000
0.482825 1724.629000
0.485092 1727.740000
0.480596 1730.815000
0.479840 1733.848000
0.473047 1736.979000
0.464954 1739.020000
0.447038 1742.120000
0.435744 1745.208000
0.437202 1748.283000
0.443865 1751.319000
0.441643 1754.436000
0.439298 1757.532000
0.443773 1760.637000
0.441523 1763.719000
0.445982 1766.828000
0.450581 1770.038000
0.450565 1772.078000
0.457292 1775.178000
0.464073 1778.317000
0.465565 1781.427000
0.474310 1784.466000
0.476675 1787.596000
0.472242 1790.719000
0.476702 1793.840000
0.477467 1796.970000
0.477422 1799.055000
0.476659 1802.208000
0.478804 1805.330000
0.476580 1808.480000
0.480995 1811.610000
0.479891 1814.749000
0.477692 1817.893000
0.481427 1820.019000
0.479944 1823.154000
0.477737 1826.306000
0.482167 1829.462000
0.477721 1832.638000
0.479223 1835.793000
0.481575 1838.967000
0.477731 1841.144000
0.479198 1844.362000
0.481004 1847.511000
0.480281 1850.601000
0.480924 1853.792000
0.480345 1857.042000
0.481798 1859.119000
0.479546 1862.300000
0.481779 1865.487000
0.479591 1868.671000
0.481811 1871.820000
0.479572 1875.001000
0.481753 1877.186000
0.479549 1880.374000
0.481680 1883.567000
0.479571 1886.711000
0.481771 1889.917000
0.481036 1892.052000
0.479964 1895.257000
0.475449 1898.463000
0.464060 1901.745000
0.455286 1904.932000
0.455266 1907.046000
0.450780 1910.265000
0.446217 1913.476000
0.448543 1916.718000
0.444126 1919.938000
0.444162 1922.121000
0.448998 1925.456000
0.444632 1928.600000
0.445991 1931.814000
0.449170 1934.055000
0.444650 1937.305000
0.446175 1940.567000
0.448351 1943.775000
0.443824 1947.046000
0.445943 1949.118000
0.448340 1952.372000
0.443894 1955.626000
0.448496 1958.947000
0.448594 1961.069000
0.444032 1964.417000
0.446279 1967.592000
0.445470 1970.858000
0.445504 1973.048000
0.446100 1976.432000
0.446909 1979.589000
0.445431 1982.185000
0.443539 1985.063000
0.442016 1988.359000
0.439639 1991.804000
0.439735 1994.979000
0.438231 1997.084000
0.437338 2000.444000
0.432970 2003.718000
0.437331 2006.994000
0.437382 2009.173000
0.432892 2012.473000
0.435117 2015.841000
0.432720 2018.163000
0.432769 2021.428000
0.431930 2024.607000
0.429563 2028.374000
0.427731 2030.155000
0.422996 2033.482000
0.420720 2036.807000
0.411976 2040.063000
0.402403 2042.341000
0.388868 2045.728000
0.388152 2048.990000
0.391829 2051.189000
0.396230 2054.504000
0.391816 2057.947000
0.391803 2060.052000
0.398450 2063.445000
0.411865 2066.791000
0.431604 2070.075000
0.445197 2072.318000
0.454338 2075.665000
0.453418 2078.074000
0.458173 2081.434000
0.466872 2084.743000
0.465613 2087.972000
0.460471 2090.208000
0.459474 2093.552000
0.464021 2096.940000
0.461755 2099.269000
0.461717 2102.655000
0.462496 2106.015000
0.462487 2108.282000
0.461693 2111.547000
0.462368 2115.048000
0.460256 2117.233000
0.460205 2120.571000
0.457873 2124.021000
0.456162 2126.207000
0.454712 2129.594000
0.456982 2133.130000
0.456289 2135.324000
0.455796 2138.978000
0.455139 2142.052000
0.455048 2144.402000
0.455871 2147.837000
0.455959 2150.011000
0.455217 2153.421000
0.455929 2157.046000
0.456149 2159.177000
0.455463 2162.510000
0.456240 2166.011000
0.456298 2168.292000
0.454014 2171.732000
0.456215 2175.042000
0.456303 2177.480000
0.454200 2180.839000
0.456342 2183.035000
0.456352 2186.462000
0.463099 2189.918000
0.471258 2192.194000
0.482487 2195.636000
0.481078 2199.075000
0.477769 2201.841000
0.481723 2204.817000
0.488400 2207.107000
0.490498 2210.728000
0.483858 2214.082000
0.482369 2216.382000
0.484632 2219.774000
0.482384 2222.082000
0.475414 2225.546000
0.473186 2229.008000
0.467932 2231.341000
0.454277 2234.884000
0.448387 2237.180000
0.449931 2240.568000
0.453052 2243.021000
0.448743 2246.358000
0.439621 2249.848000
0.432131 2252.447000
0.425783 2255.743000
0.426572 2258.060000
0.427258 2261.578000
0.428125 2265.239000
0.431248 2267.338000
0.442382 2270.831000
0.453868 2273.230000
0.469806 2276.933000
0.471348 2280.358000
0.467885 2282.514000
0.469349 2286.026000
0.474469 2288.302000
0.481288 2291.934000
0.479154 2294.155000
0.472213 2297.774000
0.473002 2300.083000
0.477349 2303.602000
0.475115 2307.042000
0.472937 2309.413000
0.466993 2312.044000
0.454365 2315.324000
0.433228 2319.017000
0.419885 2321.132000
0.402013 2324.672000
0.397420 2327.111000
0.399616 2330.577000
0.408480 2334.118000
0.418286 2336.514000
0.438364 2340.054000
0.452913 2342.375000
0.475378 2345.935000
0.490262 2348.310000
0.511012 2351.863000
0.518615 2354.237000
0.518957 2358.491000
0.516026 2360.358000
0.505192 2363.794000
0.494415 2366.093000
0.485427 2369.650000
0.486244 2372.140000
0.490524 2375.603000
0.486122 2379.172000
0.479462 2381.555000
0.477199 2385.141000
0.481013 2387.629000
0.485224 2391.117000
0.482980 2393.520000
0.480767 2397.095000
0.484488 2399.484000
0.483006 2403.081000
0.480021 2405.542000
0.482215 2409.371000
0.480091 2411.525000
0.471027 2415.167000
0.468193 2417.442000
0.461514 2421.119000
0.460183 2423.447000
0.455494 2427.122000
0.455701 2429.545000
0.456209 2433.088000
0.454784 2435.501000
0.457092 2438.016000
0.455003 2441.528000
0.454991 2445.194000
0.452599 2447.612000
0.452773 2451.293000
0.450576 2453.595000
0.447180 2456.068000
0.451578 2459.691000
0.451529 2462.177000
0.447102 2465.835000
0.449250 2468.223000
0.451541 2471.850000
0.447746 2474.285000
0.449396 2477.879000
0.452302 2480.290000
0.450036 2483.891000
0.450046 2486.429000
0.450834 2490.029000
0.450923 2492.413000
0.452199 2496.153000
0.451397 2498.508000
0.455947 2502.170000
0.460393 2504.611000
0.461160 2507.102000
0.467777 2510.772000
0.473857 2513.279000
0.472483 2516.841000
0.469423 2519.286000
0.473383 2522.958000
0.478035 2525.476000
0.475849 2529.150000
0.476509 2531.609000
0.480302 2534.021000
0.491298 2537.681000
0.502476 2540.133000
0.511386 2543.912000
0.510650 2546.313000
0.504103 2549.977000
0.502603 2552.448000
0.501137 2556.143000
0.496201 2558.609000
0.487946 2561.093000
0.469714 2564.844000
0.455036 2567.286000
0.433086 2570.953000
0.418103 2573.437000
0.403965 2576.032000
0.395199 2579.816000
0.395817 2582.079000
0.402558 2585.833000
0.410665 2588.287000
0.423232 2591.069000
0.443399 2594.504000
0.465830 2598.267000
0.481079 2600.824000
0.495305 2603.187000
0.508866 2606.953000
0.510377 2609.515000
0.508166 2612.009000
0.499391 2615.654000
0.489341 2618.238000
0.482490 2621.948000
0.484887 2624.613000
0.486652 2628.151000
0.482971 2630.682000
0.476253 2633.179000
0.462826 2636.931000
0.460012 2639.383000
0.464592 2643.328000
0.468710 2645.629000
0.467832 2648.186000
0.461427 2651.889000
0.452628 2654.554000
0.441786 2658.392000
0.441959 2660.771000
0.445403 2663.208000
0.449967 2667.037000
0.447760 2669.525000
0.442473 2672.049000
0.435867 2675.837000
0.438017 2678.333000
0.446918 2682.105000
0.456705 2684.660000
0.469128 2687.135000
0.487470 2691.001000
0.491953 2693.451000
0.490951 2696.328000
0.484701 2699.804000
0.478718 2702.386000
0.480017 2706.160000
0.485201 2708.730000
0.486731 2711.344000
0.482331 2715.117000
0.482231 2717.603000
0.485906 2720.142000
0.497167 2723.962000
0.509052 2726.653000
0.522219 2729.016000
0.535402 2732.803000
0.537298 2735.369000
0.532818 2739.149000
0.526242 2741.690000
0.516389 2744.267000
0.496447 2748.067000
0.486045 2750.621000
0.481473 2753.214000
0.483733 2757.066000
0.486850 2759.569000
0.484599 2762.180000
0.477909 2766.033000
0.477226 2768.596000
0.475691 2771.176000
0.470969 2775.104000
0.470944 2777.501000
0.468678 2780.151000
0.466608 2783.992000
0.464340 2786.553000
0.463654 2789.123000
0.462924 2792.994000
0.460706 2795.578000
0.459865 2798.111000
0.460673 2801.934000
0.460579 2804.512000
0.460734 2807.212000
0.460003 2811.008000
0.459999 2813.536000
0.460099 2816.221000
0.460802 2819.995000
0.460642 2822.569000
0.460588 2825.260000
0.459948 2829.054000
0.460194 2831.734000
0.462319 2834.205000
0.462454 2838.530000
0.463563 2840.688000
0.463492 2843.274000
0.464286 2847.293000
0.462705 2849.765000
0.464947 2852.455000
0.464150 2855.089000
0.463492 2859.008000
0.464855 2861.597000
0.462728 2864.204000
0.465093 2868.170000
0.464336 2870.697000
0.462828 2873.312000
0.463684 2877.225000
0.463661 2879.721000
0.463700 2882.482000
0.463894 2885.055000
0.463104 2888.867000
0.463236 2891.496000
0.463358 2894.164000
0.464053 2898.181000
0.464019 2900.755000
0.464074 2903.442000
0.464234 2906.047000
0.465743 2909.818000
0.466585 2912.542000
0.467862 2915.056000
0.469212 2918.993000
0.470789 2921.630000
0.470820 2924.251000
0.475281 2928.259000
0.473029 2930.904000
0.473794 2933.464000
0.477600 2936.194000
0.478410 2940.092000
0.478425 2942.685000
0.478269 2945.322000
0.479858 2948.021000
0.484549 2952.081000
0.486646 2954.579000
0.491842 2957.234000
0.500807 2960.103000
0.515604 2963.875000
0.520178 2966.582000
0.519411 2969.213000
0.515450 2972.036000
0.504872 2975.763000
0.500429 2978.443000
0.501221 2981.062000
0.507768 2985.044000
0.513910 2987.758000
0.513758 2990.451000
0.510068 2993.055000
0.498981 2997.050000
0.494664 2999.647000
0.493956 3002.316000
0.487232 3006.310000
0.478861 3009.016000
0.470241 3011.635000
0.467155 3014.294000
0.469399 3018.369000
0.467198 3021.060000
0.464333 3023.667000
0.466582 3026.347000
0.465876 3029.003000
0.470346 3033.067000
0.476850 3035.687000
0.486510 3038.354000
0.499113 3041.039000
0.520090 3045.063000
0.527604 3047.748000
0.529011 3050.426000
0.526840 3053.121000
0.529125 3057.147000
0.534510 3059.929000
0.542480 3062.520000
0.551359 3065.218000
0.553686 3069.241000
0.549637 3072.068000
0.545126 3074.775000
0.546012 3077.485000
0.549712 3080.155000
0.547934 3084.316000
0.545305 3086.903000
0.547625 3089.700000
0.550354 3092.299000
0.548363 3096.564000
0.550326 3098.962000
0.553439 3101.688000
0.553496 3104.336000
0.554886 3107.077000
0.550299 3111.159000
0.543730 3113.865000
0.534437 3116.515000
0.520226 3119.541000
0.497454 3123.693000
0.484234 3126.087000
0.469522 3128.787000
0.458966 3131.552000
0.454663 3134.210000
0.456780 3138.244000
0.459874 3141.029000
0.457607 3143.680000
0.452409 3146.433000
0.446199 3149.201000
0.447801 3153.292000
0.450762 3155.938000
0.448486 3158.750000
0.443279 3161.479000
0.441860 3164.119000
0.444143 3168.219000
0.441907 3170.952000
0.438628 3173.713000
0.440773 3176.448000
0.440132 3179.164000
0.433416 3183.279000
0.431601 3186.093000
0.434044 3188.998000
0.436774 3191.616000
0.434505 3194.354000
0.435618 3197.544000
0.437582 3201.730000
0.440528 3203.853000
0.447519 3206.688000
0.450377 3209.366000
0.453903 3212.086000
0.461172 3216.224000
0.465821 3218.976000
0.466831 3222.030000
0.470243 3224.490000
0.474802 3227.245000
0.474173 3230.032000
0.473447 3234.176000
0.477068 3236.890000
0.477061 3239.667000
0.473217 3242.555000
0.473173 3245.293000
0.476977 3248.057000
0.475345 3252.210000
0.472503 3254.990000
0.474784 3257.743000
0.477696 3260.512000
0.475432 3263.306000
0.472490 3266.072000
0.476872 3270.218000
0.477309 3272.947000
0.473613 3275.717000
0.473517 3278.502000
0.474969 3281.346000
0.472726 3284.148000
0.472508 3288.503000
0.472262 3291.101000
0.472121 3293.887000
0.472054 3296.651000
0.471943 3299.424000
0.471927 3302.110000
0.472615 3306.293000
0.472765 3309.088000
0.472775 3311.873000
0.472648 3314.675000
0.472611 3317.534000
0.476408 3320.295000
0.483078 3323.123000
0.487503 3327.306000
0.490510 3330.232000
0.490587 3332.887000
0.490337 3335.621000
0.490583 3338.681000
0.490687 3341.227000
0.488516 3344.130000
0.487477 3347.340000
0.483480 3351.227000
0.483492 3353.939000
0.481514 3356.670000
0.479200 3359.547000
0.479958 3362.291000
0.477775 3365.116000
0.476966 3368.106000
0.476544 3372.373000
0.474422 3374.952000
0.471051 3377.854000
0.473162 3380.616000
0.472411 3383.484000
0.469134 3386.229000
0.469125 3389.128000
0.466822 3393.325000
0.466835 3396.137000
0.465178 3398.957000
0.467417 3401.802000
0.466655 3404.726000
0.465337 3407.565000
0.465227 3410.273000
0.467508 3413.133000
0.467600 3417.347000
0.469256 3420.191000
0.466903 3423.027000
0.467701 3425.961000
0.469224 3428.706000
0.469016 3431.526000
0.470541 3434.420000
0.470549 3437.373000
0.471870 3440.480000
0.469765 3443.029000
0.471984 3447.175000
0.471273 3450.081000
0.469669 3452.990000
0.472055 3455.901000
0.471157 3458.805000
0.469776 3461.544000
0.472015 3464.411000
0.471167 3467.274000
0.469836 3470.110000
0.471798 3474.345000
0.474099 3477.160000
0.473237 3480.080000
0.475615 3482.984000
0.478410 3485.689000
0.476102 3488.716000
0.476950 3491.678000
0.478609 3494.274000
0.478397 3497.154000
0.479875 3500.555000
0.478023 3504.687000
0.480095 3507.198000
0.483132 3510.192000
0.480991 3513.028000
0.481656 3515.808000
0.485224 3518.674000
0.485204 3521.719000
0.487281 3524.416000
0.488001 3527.395000
0.488086 3530.286000
0.489500 3533.052000
0.491642 3537.384000
0.489348 3540.395000
0.490117 3543.325000
0.491361 3546.043000
0.491257 3549.094000
0.490797 3551.793000
0.492317 3554.675000
0.490086 3557.598000
0.490637 3560.469000
0.492029 3563.436000
0.494295 3566.336000
0.495104 3569.142000
0.498957 3572.131000
0.509603 3576.378000
0.515887 3578.143000
0.522037 3582.526000
0.520016 3585.088000
0.515047 3587.983000
0.513515 3590.922000
0.515792 3593.790000
0.520915 3596.683000
0.528822 3599.583000
0.540785 3602.667000
0.547820 3605.441000
0.549278 3608.312000
0.547259 3611.214000
0.541948 3614.153000
0.533852 3617.052000
0.518086 3621.447000
0.513715 3624.332000
0.508213 3627.333000
0.499211 3630.504000
0.488999 3633.192000
0.476947 3636.143000
0.471116 3639.034000
0.471060 3641.963000
0.474648 3644.865000
0.481551 3647.809000
0.484249 3650.625000
0.482013 3653.566000
0.476269 3656.777000
0.475023 3659.408000
0.477337 3662.362000
0.480416 3665.643000
0.478405 3668.221000
0.479020 3671.159000
0.482957 3674.240000
0.489592 3677.081000
0.505095 3681.471000
0.519204 3684.371000
0.533871 3687.305000
0.547209 3690.242000
0.554886 3693.216000
0.556407 3696.322000
0.554458 3699.077000
0.549306 3702.011000
0.540531 3705.129000
0.529681 3707.976000
0.516106 3710.865000
0.500196 3714.011000
0.486391 3716.783000
0.471510 3719.716000
0.457984 3722.698000
0.450630 3725.617000
0.449134 3728.569000
0.451333 3731.511000
0.456558 3734.474000
0.458084 3737.448000
0.455832 3740.403000
0.452861 3743.366000
0.455071 3746.324000
0.460431 3749.344000
0.468414 3752.268000
0.479933 3755.309000
0.491350 3758.196000
0.497407 3761.147000
0.497382 3764.210000
0.492178 3768.131000
0.487749 3770.072000
0.480153 3773.095000
0.478703 3776.156000
0.478596 3779.075000
0.472033 3783.464000
0.467835 3785.157000
0.451637 3789.734000
0.445074 3792.408000
0.443506 3795.391000
0.445851 3798.389000
0.451017 3801.385000
0.456903 3804.358000
0.457026 3807.341000
0.453211 3810.346000
0.448672 3813.398000
0.449433 3816.335000
0.453085 3819.319000
0.453179 3822.295000
0.451684 3825.309000
0.451639 3828.274000
0.451708 3831.268000
0.451651 3834.302000
0.451647 3837.372000
0.451579 3840.257000
0.451624 3843.247000
0.451590 3846.263000
0.451680 3849.256000
0.451677 3852.255000
0.451712 3855.264000
0.451745 3858.287000
0.451717 3861.273000
0.451598 3864.428000
0.451661 3867.405000
0.451668 3870.309000
0.451665 3873.427000
0.451611 3876.407000
0.451778 3879.337000
0.451701 3882.377000
0.451697 3885.353000
0.448003 3888.372000
0.448048 3891.452000
0.449537 3894.464000
0.447269 3897.519000
0.446549 3900.426000
0.444913 3902.040000
0.444842 3906.624000
0.443390 3908.079000
0.442708 3911.014000
0.438900 3914.133000
0.438973 3917.082000
0.436366 3920.497000
0.433850 3923.137000
0.433887 3926.170000
0.432403 3929.206000
0.430171 3932.260000
0.429368 3935.260000
0.427848 3938.292000
0.427847 3941.341000
0.425647 3944.441000
0.424838 3947.565000
0.424817 3950.443000
0.424827 3953.641000
0.424794 3956.590000
0.424753 3959.574000
0.424721 3962.617000
0.424752 3965.656000
0.424773 3968.716000
0.424845 3971.902000
0.424746 3974.821000
0.424760 3977.870000
0.424750 3980.904000
0.424801 3983.952000
0.424935 3987.010000
0.424835 3990.066000
0.424882 3993.129000
0.424882 3996.177000
0.424920 3999.250000
0.424888 4002.303000
0.424874 4005.368000
0.424878 4008.415000
0.424924 4011.481000
0.425677 4013.022000
0.425699 4016.083000
0.425589 4019.133000
0.425676 4022.204000
0.425209 4025.243000
0.428935 4028.324000
0.431282 4031.488000
0.432015 4034.690000
0.435759 4037.753000
0.439746 4040.615000
0.440613 4043.947000
0.444863 4047.277000
0.450492 4049.895000
0.458027 4052.971000
0.461783 4056.117000
0.463909 4059.145000
0.466965 4062.183000
0.466935 4065.242000
0.468322 4068.375000
0.468397 4071.394000
0.469922 4074.481000
0.469074 4076.169000
0.467626 4079.259000
0.469857 4082.357000
0.469124 4085.375000
0.467591 4088.406000
0.470019 4091.641000
0.469180 4094.708000
0.467811 4097.670000
0.467977 4100.762000
0.464188 4103.875000
0.464253 4107.045000
0.465673 4110.055000
0.463251 4113.344000
0.464093 4116.396000
0.464059 4119.372000
0.464011 4122.631000
0.463274 4124.087000
0.461977 4127.313000
0.461819 4130.228000
0.460277 4133.332000
0.460537 4136.834000
0.458366 4139.618000
0.458979 4142.662000
0.458885 4145.790000
0.456647 4148.967000
0.457452 4152.143000
0.458817 4155.140000
0.456516 4158.287000
0.457339 4161.468000
0.458784 4163.017000
0.458026 4166.055000
0.456465 4169.263000
0.458663 4172.478000
0.458002 4175.502000
0.456454 4178.625000
0.458599 4181.700000
0.457951 4184.900000
0.456569 4187.915000
0.458645 4191.033000
0.457872 4194.291000
0.456537 4197.395000
0.458731 4200.517000
0.458621 4202.089000
0.456525 4205.222000
0.457284 4208.361000
0.458640 4211.490000
0.456478 4214.640000
0.457153 4217.742000
0.458556 4221.165000
0.458694 4223.924000
0.458339 4227.122000
0.459897 4230.312000
0.459728 4233.443000
0.461236 4236.503000
0.461915 4238.175000
0.465572 4241.219000
0.465545 4244.366000
0.467753 4247.511000
0.468568 4250.766000
0.468618 4253.931000
0.470037 4256.972000
0.470227 4260.113000
0.470184 4263.405000
0.470136 4266.415000
0.471031 4268.326000
0.471025 4271.179000
0.470938 4274.348000
0.471040 4277.555000
0.471059 4280.671000
0.471081 4283.844000
0.471000 4286.994000
0.471099 4290.194000
0.470933 4293.544000
0.472223 4296.469000
0.471452 4298.085000
0.473875 4301.400000
0.473089 4304.397000
0.471590 4307.566000
0.471663 4310.743000
0.471534 4314.056000
0.471520 4317.232000
0.473575 4320.255000
0.472941 4323.441000
0.471428 4325.019000
0.472201 4328.190000
0.475846 4331.356000
0.475882 4334.538000
0.474468 4337.718000
0.476599 4341.016000
0.481893 4344.166000
0.489827 4347.268000
0.501510 4350.601000
0.505533 4352.055000
0.510001 4355.238000
0.509306 4358.464000
0.505603 4361.597000
0.505761 4364.874000
0.507281 4367.989000
0.507239 4371.215000
0.508758 4374.467000
0.508753 4377.567000
0.507992 4379.271000
0.507972 4382.385000
0.508138 4385.588000
0.508164 4388.792000
0.507964 4392.126000
0.508173 4395.180000
0.506507 4398.367000
0.505885 4400.058000
0.502169 4403.249000
0.495400 4406.486000
0.492373 4409.688000
0.492451 4412.877000
0.491041 4416.085000
0.488646 4419.320000
0.488056 4422.510000
0.486439 4424.161000
0.487044 4427.243000
0.484717 4430.529000
0.485537 4433.731000
0.487073 4437.011000
0.484840 4440.221000
0.485570 4443.456000
0.487122 4445.049000
0.486357 4448.273000
0.484965 4451.511000
0.486871 4454.632000
0.486093 4457.949000
0.484590 4461.160000
0.486749 4464.276000
0.485942 4467.741000
0.486604 4469.123000
0.486505 4472.444000
0.490342 4475.652000
0.496703 4478.791000
0.502156 4482.134000
0.503891 4484.047000
0.506105 4488.493000
0.508362 4490.105000
0.512927 4493.477000
0.512275 4496.567000
0.508425 4499.870000
0.508169 4503.075000
0.511948 4506.300000
0.511990 4509.523000
0.510397 4511.184000
0.505347 4514.414000
0.497106 4517.646000
0.485949 4520.896000
0.478479 4524.166000
0.477001 4527.484000
0.479198 4530.646000
0.479289 4532.364000
0.477053 4535.527000
0.473955 4538.763000
0.474028 4542.033000
0.472457 4545.271000
0.472556 4548.523000
0.471007 4550.155000
0.470286 4553.420000
0.468871 4556.834000
0.466673 4559.935000
0.461505 4563.197000
0.459792 4565.020000
0.454844 4568.105000
0.448990 4571.343000
0.448844 4574.619000
0.452758 4578.015000
0.452722 4581.250000
0.455009 4584.550000
0.454971 4586.197000
0.455184 4589.726000
0.458400 4592.583000
0.465433 4595.977000
0.475102 4599.249000
0.481023 4602.500000
0.481733 4604.118000
0.479455 4607.320000
0.476062 4610.719000
0.478589 4614.221000
0.483407 4617.241000
0.484933 4620.499000
0.484152 4622.057000
0.482707 4625.458000
0.482605 4628.664000
0.482617 4631.929000
0.480819 4635.222000
0.480801 4638.583000
0.479308 4640.146000
0.476221 4643.831000
0.476043 4646.719000
0.472342 4650.086000
0.465689 4653.313000
0.459516 4655.599000
0.456247 4658.253000
0.456967 4661.507000
0.460680 4664.831000
0.465225 4668.139000
0.464302 4671.565000
0.462973 4673.095000
0.463713 4676.378000
0.463429 4679.663000
0.463708 4683.453000
0.461733 4686.289000
0.461823 4688.359000
0.461861 4691.261000
0.460361 4694.602000
0.460356 4698.004000
0.458207 4701.190000
0.455215 4704.447000
0.455953 4706.127000
0.457620 4709.524000
0.455257 4712.859000
