0.500000 -96.666660
0.500000 -93.327670
0.500000 -93.126980
0.500000 -90.940360
0.500000 -87.786290
0.500000 -84.826000
0.500000 -81.714740
0.500000 -78.512220
0.500000 -75.820210
0.500000 -72.561960
0.500000 -69.823440
0.500000 -66.509410
0.500000 -63.724450
0.500000 -60.918390
0.500000 -57.826350
0.500000 -54.986470
0.500000 -51.550750
0.500001 -48.664420
0.500000 -45.756940
0.500000 -42.828400
0.500000 -39.878680
0.500000 -36.907870
0.500000 -33.915910
0.500000 -30.902860
0.500001 -27.868660
0.500000 -24.813360
0.500000 -21.736920
0.500000 -18.639360
0.500000 -15.520660
0.510893 -12.380870
0.539217 -9.853828
0.592594 -6.675987
0.647060 -3.477020
0.690637 -0.902679
0.745104 2.334290
0.739105 5.592400
0.710782 8.214104
0.660127 11.510200
0.643373 14.162280
0.637357 17.154910
0.635484 20.505940
0.635087 23.201990
0.634946 26.591030
0.634917 29.317490
0.634906 32.057460
0.634904 35.501460
0.634901 38.271800
0.634905 41.055740
0.634904 44.554610
0.634903 47.368900
0.634905 50.196730
0.634902 53.038130
0.634902 56.608800
0.634904 59.480550
0.634904 62.365830
0.634904 65.264620
0.634901 68.176970
0.634901 71.102800
0.634900 74.042160
0.654242 77.735400
0.657661 80.705140
0.638525 83.688450
0.605478 86.685260
0.590579 89.695650
0.584533 92.719480
0.565407 95.756870
0.539622 98.043760
0.496170 101.104800
0.453999 104.077900
0.410424 107.162700
0.369029 110.260800
0.355957 113.372500
0.366851 116.497800
0.395172 119.636600
0.437658 122.788800
0.470339 125.161900
0.513913 128.337900
0.557489 131.527300
0.601059 134.730300
0.633744 137.141400
0.656080 140.368100
0.663148 143.608200
0.665039 146.047200
0.665983 149.311000
0.651319 152.588400
0.628879 155.055200
0.586685 158.356200
0.543108 161.670700
0.510429 164.165400
0.480644 167.503600
0.472672 170.016000
0.468696 173.377800
0.467436 176.753200
0.467099 179.293600
0.472347 182.692600
0.488550 185.250800
0.525403 188.673400
0.558086 191.249300
0.601655 194.695600
0.620549 197.289200
0.629975 200.759200
0.632499 203.370500
0.633755 206.864200
0.634090 209.493300
0.634230 212.130000
0.634309 215.657400
0.634328 218.311800
0.634325 221.862900
0.634340 224.535100
0.634331 227.214900
0.635424 230.799700
0.645238 233.497300
0.664831 236.202400
0.696226 239.821100
0.699704 242.544000
0.690107 245.274500
0.670705 248.012600
0.630591 251.675200
0.597909 254.431200
0.565227 257.194500
0.521658 260.890900
0.488980 263.672100
0.470082 266.460900
0.462113 269.257200
0.458751 272.061200
0.457077 275.811600
0.449763 278.633400
0.432644 281.462700
0.414415 284.299700
0.406721 287.144200
0.402882 290.948700
0.403951 293.811000
0.416029 296.680900
0.437900 299.558400
0.459806 302.443500
0.469050 305.336200
0.472944 308.236500
0.474585 311.144400
0.475280 314.060000
0.475627 317.959100
0.475719 320.892400
0.482328 323.833300
0.498734 326.781800
0.524950 329.737800
0.557627 332.701500
0.579144 335.672800
0.607333 338.651700
0.640014 341.638200
0.672696 344.632300
0.705360 347.634000
0.738050 350.643300
0.749993 353.660200
0.749978 356.684800
0.749992 359.716900
0.749992 362.756600
0.749990 365.803900
0.749990 368.858800
0.750002 371.921300
0.748893 374.991500
0.743451 377.042500
0.727117 380.125300
0.700977 383.215700
0.668287 386.313700
0.635620 389.419300
0.602929 392.532500
0.570248 395.653400
0.537574 398.781800
0.504890 401.917800
0.483101 404.012700
0.464856 407.161400
0.464995 410.317800
0.476019 413.481600
0.494028 416.653200
0.503060 419.832300
0.506877 423.019000
0.508095 425.147800
0.508996 428.347200
0.509373 431.554200
0.509547 435.091900
0.509604 437.239300
0.509643 440.466600
0.509659 443.701700
0.509665 446.943900
0.509664 449.109700
0.509663 452.364900
0.509667 455.627700
0.509663 458.898200
0.509664 461.082600
0.509674 464.365700
0.509667 467.656300
0.516210 470.954500
0.526007 473.157700
0.548888 476.468500
0.580477 479.787000
0.602260 482.003700
0.634946 485.334800
0.667619 488.673600
0.700315 492.020100
0.722091 494.255200
0.750010 497.614300
0.749989 500.981000
0.749992 503.229600
0.749984 506.609000
0.749990 509.996000
0.749991 512.258200
0.749994 515.657900
0.749984 519.065100
0.749995 521.340800
0.749981 524.760700
0.746703 527.044900
0.733673 530.477600
0.710765 533.917800
0.690081 536.215500
0.660117 539.668400
0.645938 543.128900
0.641409 545.440100
0.638067 548.913200
0.636983 551.232900
0.636203 554.718700
0.635926 557.046800
0.635744 560.545300
0.635663 564.051400
0.635632 566.393000
0.635617 569.911800
0.635611 572.590200
0.634516 576.119200
0.629060 578.476100
0.612734 582.017600
0.596383 584.382900
0.564786 587.937200
0.550487 590.310900
0.539856 593.877900
0.536465 596.260000
0.533953 599.839700
0.533144 602.230300
0.532534 605.822600
0.532338 608.221700
0.532214 611.826600
0.532162 614.234200
0.532133 617.851900
0.532121 620.267800
0.532122 623.898100
0.532106 626.322600
0.532108 629.965500
0.532107 632.398400
0.532092 636.054000
0.532107 638.495400
0.532107 642.163600
0.532104 644.613400
0.532103 647.066500
0.532112 650.752600
0.532093 653.214300
0.532108 656.913000
0.532106 659.383100
0.532094 663.094500
0.532110 665.573000
0.532100 668.054900
0.532111 671.784100
0.532101 674.274400
0.532091 678.016200
0.532103 680.515000
0.532107 683.017200
0.532094 686.776700
0.537552 689.287400
0.553889 693.059500
0.570241 695.578600
0.590944 698.101000
0.616115 701.891000
0.624164 704.421900
0.630131 708.224500
0.632046 710.763900
0.633123 713.306600
0.633919 717.127000
0.634176 719.678200
0.634320 722.232700
0.634439 726.070900
0.634452 728.634000
0.634465 731.200300
0.634511 735.056200
0.634492 737.631000
0.634517 740.209100
0.634503 744.082800
0.634497 746.669400
0.634517 749.259500
