0.500000 -96.666660
0.500000 -93.327670
0.500000 -93.126980
0.500000 -90.956910
0.500000 -87.943730
0.500000 -84.925780
0.500000 -81.983310
0.500000 -78.781900
0.500000 -75.941240
0.500000 -72.858370
0.500000 -69.869570
0.500000 -66.828020
0.500000 -63.944850
0.500000 -60.802700
0.500000 -57.954270
0.500000 -54.902850
0.500000 -51.743780
0.500000 -48.897140
0.500001 -45.881890
0.500001 -42.935660
0.500001 -39.938560
0.500001 -36.765500
0.500000 -33.771240
0.500001 -30.895170
0.500001 -27.934470
0.500001 -24.862080
0.499999 -21.499370
0.500000 -18.983590
0.500001 -15.667970
0.499999 -12.957500
0.500001 -9.760628
0.499999 -6.706963
0.500000 -3.890648
0.500001 -0.761398
0.499999 2.027618
0.500000 5.112152
0.499999 8.181396
0.499997 11.015340
0.500000 14.159930
0.499998 17.182420
0.499997 20.044640
0.500001 23.107600
0.499999 26.120300
0.499999 29.134340
0.500000 32.166920
0.500001 35.167980
0.499998 38.057540
0.499999 41.234090
0.499999 44.221040
0.500002 47.337040
0.499999 50.341200
0.500001 53.303500
0.500000 56.079060
0.500001 59.155170
0.500001 62.052250
0.500003 65.281690
0.500002 68.118990
0.499998 71.159030
0.499992 74.286480
0.500005 77.000400
0.500002 80.129590
0.499991 83.220660
0.499999 86.048510
0.499999 89.377610
0.499997 92.299090
0.499992 95.309170
0.499999 98.183170
0.499997 101.317600
0.500002 104.020700
0.499995 107.030200
0.499995 110.071900
0.499998 113.215000
0.500000 116.229100
0.500000 119.451200
0.499997 122.258500
0.484664 125.271000
0.472460 128.364600
0.471321 131.024700
0.471165 134.119500
0.471143 137.226000
0.471142 140.368600
0.471140 143.107400
0.471145 146.317600
0.471141 149.049700
0.471141 152.245200
0.471147 155.057200
0.471147 158.287500
0.471142 161.124900
0.471139 164.428100
0.471141 167.266100
0.471146 170.150800
0.471147 173.083700
0.471146 176.378900
0.471143 179.343400
0.471146 182.254200
0.471142 185.205900
0.471146 188.177600
0.471147 191.162400
0.471145 194.161100
0.471146 197.173800
0.471138 200.211500
0.471140 203.316400
0.471146 206.372000
0.471147 209.413600
0.471141 212.475000
0.471146 215.138100
0.471146 218.221400
0.471158 221.312700
0.471144 224.023300
0.471149 227.172900
0.471146 230.126200
0.471146 233.031000
0.471143 236.220600
0.471146 239.458600
0.472610 242.221700
0.503301 245.363800
0.547928 248.136400
0.600661 251.425000
0.644536 254.172200
0.697525 257.504900
0.711728 260.261600
0.691726 263.087000
0.670863 266.394900
0.668228 269.246700
0.667768 272.105400
0.667676 275.455300
0.667675 278.336900
0.666830 281.278200
0.647083 284.127200
0.613914 287.072300
0.605920 290.444700
0.604895 293.378100
0.600269 296.328100
0.570716 299.311800
0.528444 302.245200
0.514707 305.213300
0.512246 308.240600
0.526121 311.191600
0.566243 314.235000
0.610908 317.252000
0.655236 320.258100
0.673423 323.314200
0.676641 326.324800
0.677218 329.406900
0.677339 332.476900
0.677346 335.036700
0.677345 338.084100
0.677359 341.182000
0.677331 344.303500
0.677338 347.467600
0.677348 350.046600
0.673844 353.136700
0.650432 356.329300
0.643256 359.444600
0.642055 362.076200
0.641752 365.307700
0.641701 368.435100
0.641683 371.094600
0.641694 374.340900
0.641664 377.551600
0.641683 380.193900
0.651749 383.417200
0.679071 386.121400
0.691801 389.427800
0.693822 392.120800
0.694358 395.403600
0.694420 398.097000
0.694459 401.418500
0.694440 404.175600
0.694473 407.474700
0.694443 410.264600
0.694446 413.009000
0.694461 416.333300
0.694466 419.137900
0.694470 422.436800
0.690782 425.263400
0.668740 428.039600
0.624769 431.426100
0.586175 434.357300
0.550417 437.080400
0.505157 440.535700
0.468791 443.319500
0.432795 446.239700
0.419793 449.050800
0.416504 452.539400
0.415965 455.419700
0.415842 458.250100
0.419623 461.183700
0.442124 464.079000
0.471132 467.564600
0.476495 470.482800
0.477744 473.357900
0.478067 476.310700
0.478130 479.224400
0.478149 482.209800
0.467848 485.139800
0.444583 488.091000
0.436966 491.031800
0.435102 494.022000
0.434682 497.004200
0.434559 500.557600
0.434545 503.590500
0.434535 506.546000
0.434544 509.148300
0.434534 512.602300
0.434541 515.582000
0.434536 518.082900
0.441283 521.107500
0.464648 524.073400
0.474937 527.135400
0.477361 530.184600
0.477956 533.247500
0.478074 536.318600
0.478119 539.393500
0.478109 542.478800
0.478121 545.567700
0.478121 548.100000
0.478120 551.148500
0.478117 554.255100
0.478124 557.384800
0.478131 560.591200
0.478120 563.007000
0.478130 566.145100
0.478107 569.284500
0.478118 572.435500
0.478125 575.051200
0.478096 578.183800
0.478127 581.383900
0.471413 584.515400
0.452425 587.017100
0.425072 590.210200
0.417879 593.411600
0.416319 596.036700
0.415771 599.256800
0.415649 602.402800
0.415624 605.626500
0.415595 608.213400
0.415593 611.504300
0.415623 614.049100
0.415607 617.298300
0.415607 620.561800
0.413459 623.197400
0.394879 626.463000
0.378688 629.057300
0.372894 632.341500
0.371616 635.014500
0.371189 638.323500
0.378781 641.836900
0.396481 644.250200
0.428655 647.722500
0.436445 650.194800
0.439500 653.521900
0.440147 656.191600
0.440380 659.530100
0.440441 662.207500
0.440433 665.616700
0.440452 668.308200
0.440464 671.616900
0.440453 674.361600
0.440439 677.018400
0.440442 680.465400
0.440437 683.111000
0.440446 686.583500
0.440441 689.239100
0.440452 692.077500
0.440449 695.387600
0.440446 698.177800
0.440439 701.747400
0.440455 704.352000
0.440452 707.054000
0.440459 710.584600
0.440446 713.319300
0.440444 716.086400
0.440457 719.497700
0.440459 722.330900
0.440454 725.060500
0.440441 728.594500
0.440435 731.343100
0.440461 734.143600
0.440454 737.643700
0.440456 740.481300
0.440443 743.256600
0.440456 746.069900
0.441169 749.644500
0.451738 752.497700
0.463802 755.328400
0.467663 758.162300
0.469039 761.734100
0.469318 764.550700
0.469433 767.398000
0.469450 770.196200
0.469452 773.057800
0.469453 776.638500
0.469455 779.505100
0.469459 782.378700
0.469465 785.260900
0.469477 788.141100
0.469474 791.029700
0.469427 794.643200
0.469446 797.546000
0.469456 800.448000
0.469465 803.354600
0.469459 806.271000
0.469432 809.254700
0.469456 812.108200
0.469465 815.193500
0.459230 818.004900
0.450786 821.632000
0.448976 824.568800
0.448398 827.514200
0.448224 830.462700
0.448174 833.418500
0.448145 836.377400
0.448140 839.339600
0.448137 842.303500
0.448119 845.277500
0.448147 848.300900
0.448140 851.305800
0.448145 854.240100
0.448152 857.210400
0.448125 860.205600
0.448134 863.271300
0.448135 866.218000
0.448129 869.225300
0.448129 872.278700
0.448139 875.299500
0.448138 878.277800
0.448133 881.349100
0.448125 884.361300
0.446008 887.412700
0.432747 890.438000
0.418704 893.445700
0.414076 896.534400
0.412643 899.615300
0.412191 902.686700
0.412057 905.668900
0.412014 908.731200
0.411987 911.041700
0.412004 914.123100
0.411997 917.264000
0.413599 920.351900
0.427118 923.431600
0.436017 926.476000
0.438944 929.591600
0.439846 932.667700
0.440133 935.776700
0.440220 938.110100
0.440257 941.262600
0.430064 944.334100
0.407823 947.451700
0.387460 950.579500
0.381783 953.016200
0.379147 956.075900
0.378292 959.216200
0.378021 962.412700
0.377935 965.513100
0.377907 968.672700
0.381649 971.044700
0.399213 974.393100
0.423412 977.368300
0.434858 980.539200
0.438580 983.875900
0.439472 986.098300
0.439963 989.281600
0.440108 992.470800
0.440163 995.666000
0.440176 998.063800
0.440179 1001.271000
0.440177 1004.470000
0.440186 1007.680000
0.440158 1010.092000
0.440187 1013.315000
0.440185 1016.539000
0.440180 1019.778000
0.440182 1022.285000
0.438770 1025.500000
0.425389 1028.725000
0.407527 1031.163000
0.383580 1034.334000
0.374889 1037.621000
0.372602 1040.062000
0.371460 1043.327000
0.380821 1046.555000
0.395860 1049.007000
0.424798 1052.313000
0.454268 1055.558000
0.467610 1058.113000
0.473922 1061.375000
0.475968 1064.644000
0.476534 1067.154000
0.476792 1070.365000
0.476897 1073.879000
0.476894 1076.147000
0.476904 1079.479000
0.476915 1082.765000
0.476902 1085.313000
0.476909 1088.594000
0.476916 1091.075000
0.476904 1094.469000
0.476897 1097.740000
0.476922 1100.246000
0.476919 1103.645000
0.476909 1106.125000
0.476900 1109.501000
0.476916 1112.023000
0.476904 1115.344000
0.476913 1118.690000
0.476907 1121.217000
0.476901 1124.370000
0.476919 1127.133000
0.476900 1130.533000
0.473286 1133.038000
0.456992 1136.418000
0.431340 1139.809000
0.421461 1142.399000
0.416730 1145.761000
0.415370 1148.376000
0.414728 1151.784000
0.416001 1154.308000
0.429448 1157.778000
0.446892 1160.302000
0.471561 1163.750000
0.478721 1166.256000
0.482399 1169.688000
0.483396 1172.337000
0.483839 1175.695000
0.483990 1178.286000
0.480319 1181.779000
0.469053 1184.388000
0.444107 1187.814000
0.419991 1190.615000
0.406142 1193.950000
0.402311 1196.427000
0.400566 1199.040000
0.405956 1202.491000
0.418434 1205.106000
0.445267 1208.624000
0.467239 1211.196000
0.487948 1214.758000
0.493239 1217.332000
0.495960 1220.836000
0.496679 1223.452000
0.497038 1226.086000
0.497195 1229.590000
0.497189 1232.217000
0.497263 1235.740000
0.497234 1238.462000
0.497256 1241.064000
0.497244 1244.552000
0.495991 1247.268000
0.482238 1250.862000
0.465019 1253.414000
0.453453 1256.055000
0.447695 1259.597000
0.446069 1262.377000
0.445326 1265.820000
0.445112 1268.494000
0.445029 1271.163000
0.444996 1274.808000
0.444989 1277.458000
0.444986 1280.090000
0.444992 1283.738000
0.444972 1286.430000
0.445002 1289.051000
0.445011 1292.726000
0.444979 1295.370000
0.444989 1298.105000
0.444985 1301.630000
0.444990 1304.406000
0.445033 1307.122000
0.444980 1310.732000
0.445011 1313.440000
0.445014 1316.162000
0.444998 1319.804000
0.444995 1322.429000
0.444981 1325.154000
0.444984 1328.785000
0.445005 1331.520000
0.444989 1334.331000
0.444979 1337.897000
0.444994 1340.742000
0.440758 1343.367000
0.429246 1346.191000
0.414992 1349.919000
0.411420 1352.526000
0.409778 1355.330000
0.409113 1358.020000
0.408773 1361.802000
0.408672 1364.597000
0.408642 1367.322000
0.408643 1370.085000
0.408605 1373.683000
0.408592 1376.473000
0.406662 1379.222000
0.397590 1382.030000
0.381142 1385.771000
0.375983 1388.582000
0.373795 1391.437000
0.372923 1394.155000
0.382508 1397.880000
0.397131 1400.604000
0.418235 1403.400000
0.440589 1406.200000
0.464387 1409.191000
0.478760 1412.806000
0.482721 1415.553000
0.484424 1418.432000
0.485180 1421.241000
0.485475 1424.068000
0.485664 1427.803000
0.485692 1430.547000
0.485703 1433.374000
0.485701 1436.189000
0.485729 1439.020000
0.485725 1442.811000
0.485719 1445.635000
0.485713 1448.508000
0.485710 1451.402000
0.485714 1454.225000
0.485732 1457.319000
0.485755 1460.874000
0.485719 1463.717000
0.485733 1466.569000
0.485707 1469.435000
0.485707 1472.293000
0.485719 1475.151000
0.483664 1479.223000
0.475495 1481.795000
0.459727 1484.722000
0.444833 1487.502000
0.438044 1490.507000
0.435390 1493.333000
0.434198 1496.237000
0.433736 1499.005000
0.433522 1502.851000
0.437231 1505.867000
0.447864 1508.624000
0.465440 1511.514000
0.483274 1514.535000
0.490334 1517.422000
0.493368 1520.306000
0.494599 1523.205000
0.495149 1526.106000
0.495440 1529.904000
0.495486 1532.819000
0.495526 1535.732000
0.495534 1538.663000
0.495541 1541.579000
0.495548 1544.506000
0.495577 1547.429000
0.495559 1550.414000
0.493916 1553.390000
0.485418 1556.220000
0.469783 1559.155000
0.454135 1562.135000
0.447527 1565.059000
0.444698 1568.054000
0.443362 1571.960000
0.442959 1574.937000
0.449155 1577.795000
0.462350 1580.768000
0.479710 1583.716000
0.488448 1586.721000
0.491949 1589.612000
0.493536 1592.574000
0.492639 1595.634000
0.484664 1598.513000
0.471632 1601.464000
0.465035 1604.455000
0.462261 1607.438000
0.461148 1610.414000
0.460623 1613.394000
0.460422 1616.445000
0.460335 1619.448000
0.460307 1622.361000
0.460317 1625.348000
0.460233 1628.340000
0.460259 1631.341000
0.460275 1634.406000
0.460273 1637.351000
0.461701 1640.378000
0.470581 1643.383000
0.487671 1646.645000
0.507546 1649.407000
0.520481 1652.422000
0.525891 1655.412000
0.528194 1658.432000
0.529207 1661.458000
0.529581 1664.472000
0.529729 1667.494000
0.529839 1670.535000
0.523284 1673.616000
0.510294 1676.587000
0.496125 1679.741000
0.490281 1682.787000
0.487944 1685.717000
0.486845 1688.881000
0.486427 1691.812000
0.486258 1694.987000
0.486129 1697.919000
0.486129 1700.974000
0.486137 1703.087000
0.486111 1706.074000
0.486106 1709.260000
0.486123 1712.288000
0.486118 1715.340000
0.486134 1718.403000
0.486160 1721.511000
0.486118 1724.628000
0.486122 1727.668000
0.486093 1730.737000
0.481951 1733.707000
0.470784 1736.802000
0.462867 1739.962000
0.460378 1742.025000
0.458586 1745.144000
0.457818 1748.163000
0.457493 1751.380000
0.457350 1754.459000
0.457276 1757.533000
0.457279 1760.545000
0.457245 1763.660000
0.457232 1766.829000
0.457255 1769.874000
0.457233 1772.039000
0.457255 1775.095000
0.457254 1778.237000
0.457244 1781.453000
0.457215 1784.516000
0.457252 1787.733000
0.457231 1790.790000
0.457257 1793.936000
0.457270 1796.952000
0.457258 1799.097000
0.457269 1802.345000
0.463863 1805.416000
0.477016 1808.514000
0.486089 1811.739000
0.489815 1814.821000
0.491372 1817.954000
0.491905 1820.019000
0.492260 1823.181000
0.492457 1826.338000
0.492520 1829.512000
0.492521 1832.755000
0.492544 1835.914000
0.492553 1838.062000
0.492553 1841.109000
0.492503 1844.278000
0.492519 1847.460000
0.492518 1850.634000
0.492531 1853.813000
0.492545 1856.021000
0.492539 1859.210000
0.492532 1862.306000
0.492566 1865.588000
0.492547 1868.781000
0.492555 1871.908000
0.492553 1874.007000
0.492536 1877.215000
0.492547 1880.501000
0.492489 1883.615000
0.492595 1886.914000
0.492576 1889.042000
0.486151 1892.165000
0.472917 1895.380000
0.452932 1898.601000
0.435766 1901.816000
0.429998 1904.078000
0.426073 1907.217000
0.424297 1910.516000
0.423602 1913.703000
0.423265 1917.062000
0.423169 1919.130000
0.423138 1922.282000
0.423072 1925.599000
0.423077 1928.849000
0.423069 1932.084000
0.423084 1934.243000
0.423065 1937.419000
0.423043 1940.740000
0.423070 1943.992000
0.423048 1946.074000
0.423060 1949.417000
0.423087 1952.597000
0.423037 1955.861000
0.423052 1958.129000
0.423016 1961.343000
0.429359 1964.548000
0.443102 1967.901000
0.456545 1971.140000
0.460922 1973.295000
0.464205 1976.573000
0.465605 1979.850000
0.465998 1982.045000
0.462672 1985.362000
0.452163 1988.591000
0.434668 1991.896000
0.421784 1994.078000
0.412178 1997.417000
0.408185 2000.713000
0.406519 2004.006000
0.405998 2006.176000
0.405586 2009.503000
0.405417 2012.874000
0.405320 2015.089000
0.405312 2018.330000
0.405270 2021.659000
0.405290 2025.047000
0.405258 2027.223000
0.405288 2030.462000
0.405272 2033.784000
0.405271 2036.001000
0.405283 2039.322000
0.403206 2042.638000
0.394271 2045.976000
0.384668 2048.197000
0.377127 2051.541000
0.381024 2054.883000
0.387659 2057.211000
0.402350 2060.466000
0.424077 2063.893000
0.438556 2066.062000
0.455468 2069.363000
0.462765 2072.727000
0.465938 2076.163000
0.466823 2078.324000
0.467594 2081.677000
0.467850 2085.038000
0.467970 2087.277000
0.468025 2090.645000
0.468079 2094.021000
0.468081 2096.295000
0.468102 2099.738000
0.468097 2103.156000
0.468083 2105.353000
0.468113 2108.639000
0.468134 2112.034000
0.468076 2114.290000
0.468122 2117.661000
0.468116 2121.051000
0.468104 2123.304000
0.468073 2126.699000
0.468116 2129.067000
0.468114 2132.389000
0.468081 2135.818000
0.468111 2138.097000
0.468104 2141.588000
0.468096 2144.871000
0.468114 2147.118000
0.468104 2150.524000
0.468093 2153.946000
0.468127 2156.228000
0.468108 2159.626000
0.468081 2162.001000
0.468099 2165.425000
0.468058 2168.869000
0.468093 2171.032000
0.468113 2174.466000
0.468122 2177.991000
0.468076 2180.265000
0.468116 2183.723000
0.468079 2186.022000
0.468082 2189.344000
0.468076 2192.805000
0.468099 2195.178000
0.468113 2198.626000
0.468140 2202.081000
0.468064 2204.278000
0.468119 2207.733000
0.468131 2210.124000
0.468087 2213.586000
0.468137 2217.039000
0.468116 2219.385000
0.468091 2222.838000
0.468131 2225.140000
0.468104 2228.600000
0.461362 2232.047000
0.453117 2234.379000
0.435508 2237.820000
0.427071 2240.059000
0.420337 2243.574000
0.417571 2247.045000
0.416682 2249.374000
0.416032 2252.917000
0.415847 2255.180000
0.415646 2258.671000
0.415631 2261.482000
0.415596 2264.500000
0.422276 2268.022000
0.430257 2270.305000
0.447993 2273.796000
0.463724 2276.268000
0.484030 2279.756000
0.491097 2282.002000
0.496528 2285.503000
0.498920 2289.018000
0.499668 2291.446000
0.500154 2294.877000
0.500326 2297.250000
0.500507 2300.750000
0.500482 2303.117000
0.500537 2306.713000
0.500570 2309.066000
0.500524 2312.508000
0.500510 2316.038000
0.500571 2318.389000
0.500569 2321.926000
0.500553 2324.385000
0.500555 2327.814000
0.500540 2330.190000
0.500593 2333.739000
0.500532 2336.095000
0.500579 2339.646000
0.500606 2342.015000
0.500576 2345.562000
0.500566 2349.287000
0.500575 2351.602000
0.500575 2355.154000
0.500583 2357.441000
0.500609 2361.070000
0.500575 2363.369000
0.496253 2367.260000
0.490340 2369.379000
0.474253 2373.010000
0.466671 2375.282000
0.460779 2378.968000
0.459047 2381.238000
0.457643 2384.824000
0.457142 2387.210000
0.456853 2390.376000
0.456724 2393.250000
0.456609 2396.845000
0.456617 2399.156000
0.456514 2402.750000
0.456470 2405.263000
0.456575 2408.857000
0.456592 2411.281000
0.456570 2414.910000
0.456572 2417.234000
0.456561 2420.834000
0.456567 2423.284000
0.454317 2426.888000
0.449163 2429.285000
0.435605 2432.945000
0.425085 2435.316000
0.416961 2439.206000
0.414942 2441.282000
0.413037 2444.893000
0.412442 2447.312000
0.412051 2450.947000
0.411896 2453.375000
0.411776 2456.994000
0.411742 2459.417000
0.411745 2463.049000
0.411723 2465.477000
0.411666 2469.124000
0.411715 2471.550000
0.411692 2474.001000
0.411734 2477.673000
0.415282 2480.112000
0.426504 2483.771000
0.437447 2486.164000
0.457279 2489.809000
0.464657 2492.242000
0.470130 2496.029000
0.471838 2498.378000
0.473106 2501.990000
0.473578 2504.440000
0.473900 2508.104000
0.473894 2510.562000
0.474083 2514.223000
0.474002 2516.663000
0.474143 2519.125000
0.474123 2522.906000
0.474099 2525.260000
0.474149 2528.939000
0.474121 2531.444000
0.474067 2535.088000
0.474059 2537.542000
0.474012 2540.002000
0.474133 2543.693000
0.474139 2546.160000
0.474003 2549.855000
0.470062 2552.505000
0.458914 2556.177000
0.447858 2558.596000
0.433514 2561.106000
0.413644 2564.669000
0.406065 2567.205000
0.400803 2570.866000
0.399048 2573.434000
0.397661 2577.071000
0.397295 2579.544000
0.397067 2582.017000
0.396911 2585.739000
0.400518 2588.198000
0.411659 2592.006000
0.422338 2594.406000
0.437329 2597.056000
0.454172 2600.779000
0.459521 2603.213000
0.463647 2606.970000
0.464837 2609.457000
0.465857 2613.205000
0.466160 2615.690000
0.466295 2618.213000
0.466532 2621.829000
0.466506 2624.430000
0.466528 2628.142000
0.466533 2630.696000
0.466559 2633.210000
0.466614 2636.941000
0.466558 2639.460000
0.466616 2643.132000
0.466550 2645.633000
0.466536 2648.135000
0.466523 2651.916000
0.465204 2654.423000
0.456312 2658.167000
0.446749 2660.686000
0.434031 2663.209000
0.411764 2666.974000
0.401913 2669.516000
0.396387 2672.034000
0.395507 2675.900000
0.400147 2678.414000
0.412405 2682.134000
0.424475 2684.660000
0.439626 2687.274000
0.462037 2691.074000
0.476289 2693.504000
0.491055 2696.031000
0.514754 2700.075000
0.528398 2702.389000
0.541160 2706.169000
0.545301 2708.703000
0.547635 2711.250000
0.549373 2715.054000
0.549897 2717.655000
0.550189 2720.236000
0.546753 2724.031000
0.540318 2726.571000
0.530897 2729.076000
0.510540 2732.984000
0.495551 2735.560000
0.481096 2738.019000
0.464088 2741.795000
0.458661 2744.344000
0.454506 2748.172000
0.453319 2750.729000
0.452463 2753.283000
0.451941 2757.137000
0.451819 2759.682000
0.451665 2762.359000
0.451604 2766.196000
0.451611 2768.770000
0.451609 2771.219000
0.451614 2775.067000
0.451511 2777.737000
0.451602 2780.202000
0.451552 2784.057000
0.451566 2786.628000
0.451576 2789.306000
0.451653 2793.165000
0.451583 2795.738000
0.451586 2798.314000
0.451637 2802.188000
0.451591 2804.659000
0.451527 2807.241000
0.451552 2811.112000
0.451547 2813.858000
0.451600 2816.390000
0.451559 2820.161000
0.451584 2822.757000
0.451594 2825.461000
0.451571 2828.040000
0.451557 2831.937000
0.451543 2834.514000
0.451568 2837.001000
0.451573 2841.019000
0.451531 2843.613000
0.451613 2846.096000
0.451565 2849.992000
0.451547 2852.606000
0.451610 2855.317000
0.451533 2859.243000
0.451597 2861.811000
0.451688 2864.409000
0.451608 2867.086000
0.451570 2870.975000
0.451600 2873.997000
0.451543 2876.223000
0.451581 2879.207000
0.451597 2882.546000
0.451639 2885.193000
0.451576 2889.127000
0.451535 2891.740000
0.451520 2894.345000
0.451575 2897.108000
0.451563 2900.973000
0.451557 2903.641000
0.451576 2906.254000
0.451539 2910.202000
0.451511 2912.845000
0.451610 2915.453000
0.451578 2919.375000
0.451607 2921.926000
0.451621 2924.634000
0.451549 2927.281000
0.451599 2931.242000
0.451594 2933.845000
0.451626 2936.438000
0.451541 2939.080000
0.451559 2943.131000
0.451584 2945.639000
0.451559 2948.377000
0.451581 2952.248000
0.451589 2954.899000
0.451538 2957.636000
0.451602 2960.285000
0.451575 2963.017000
0.451541 2967.333000
0.451541 2969.557000
0.451605 2972.199000
0.451552 2976.131000
0.451650 2979.127000
0.451575 2981.260000
0.451610 2985.003000
0.451573 2988.060000
0.451533 2990.724000
0.451581 2993.516000
0.451543 2996.304000
0.451495 2999.649000
0.451536 3002.677000
0.451483 3005.537000
0.451557 3008.091000
0.451506 3011.425000
0.451632 3014.408000
0.451541 3017.408000
0.451549 3020.313000
0.451559 3024.052000
0.451559 3026.913000
0.451610 3029.510000
0.451571 3032.264000
0.451605 3036.356000
0.451597 3039.467000
0.454341 3041.495000
0.460836 3044.137000
0.476454 3048.163000
0.490907 3050.911000
0.506120 3053.643000
0.520324 3056.217000
0.535852 3059.025000
0.557722 3062.979000
0.570266 3065.610000
0.577983 3068.388000
0.582013 3071.110000
0.585168 3075.195000
0.586242 3077.868000
0.586835 3080.565000
0.587126 3083.305000
0.587349 3087.308000
0.587382 3090.011000
0.585845 3092.676000
0.580317 3095.508000
0.572501 3098.123000
0.555201 3102.069000
0.540287 3104.771000
0.524447 3107.660000
0.510433 3110.218000
0.497519 3114.275000
0.493462 3116.987000
0.491146 3119.693000
0.489689 3122.420000
0.489028 3125.130000
0.488469 3129.339000
0.488268 3131.918000
0.488236 3134.640000
0.488119 3137.365000
0.488201 3140.084000
0.488046 3144.178000
0.488120 3146.992000
0.486029 3149.604000
0.480204 3152.615000
0.472639 3155.078000
0.453959 3159.368000
0.440139 3161.892000
0.430480 3164.644000
0.424923 3167.372000
0.421816 3170.111000
0.419542 3174.208000
0.418815 3176.940000
0.418363 3179.688000
0.418156 3182.425000
0.418016 3185.176000
0.417932 3188.103000
0.417902 3192.041000
0.417905 3194.782000
0.417866 3197.548000
0.417805 3200.282000
0.417864 3203.148000
0.417871 3207.271000
0.417868 3210.034000
0.417807 3212.739000
0.417854 3215.492000
0.417896 3218.296000
0.417809 3221.006000
0.417909 3225.129000
0.417871 3227.900000
0.417792 3230.563000
0.417860 3233.319000
0.417880 3236.085000
0.417854 3240.241000
0.417885 3243.556000
0.417867 3245.023000
0.419506 3248.706000
0.424660 3251.413000
0.432736 3254.172000
0.451031 3258.415000
0.465237 3261.055000
0.474752 3263.782000
0.480344 3266.566000
0.483364 3269.328000
0.485193 3272.208000
0.486519 3276.371000
0.486894 3279.143000
0.487115 3281.946000
0.487298 3284.732000
0.487422 3287.504000
0.487458 3290.331000
0.487374 3293.068000
0.487519 3297.141000
0.487516 3300.043000
0.487362 3302.847000
0.487426 3305.520000
0.487374 3308.413000
0.487435 3311.762000
0.487478 3315.266000
0.487422 3318.061000
0.487438 3320.849000
0.487570 3323.677000
0.487476 3326.470000
0.487526 3329.379000
0.487441 3332.070000
0.487507 3336.279000
0.487510 3339.203000
0.487376 3341.885000
0.487453 3344.690000
0.487441 3347.607000
0.487475 3350.310000
0.487441 3353.237000
0.487466 3356.120000
0.487460 3360.148000
0.487488 3363.097000
0.487438 3365.899000
0.487476 3368.740000
0.487400 3371.518000
0.487475 3374.227000
0.487381 3377.048000
0.480677 3381.403000
0.472571 3384.230000
0.461860 3386.911000
0.454077 3389.747000
0.449688 3392.619000
0.447168 3395.411000
0.445782 3398.352000
0.444968 3401.209000
0.445990 3405.496000
0.450636 3408.214000
0.459128 3411.295000
0.468932 3413.851000
0.483138 3416.763000
0.495747 3419.451000
0.502995 3422.288000
0.507392 3425.248000
0.510473 3429.558000
0.511274 3432.365000
0.511948 3435.093000
0.512292 3438.045000
0.512425 3440.907000
0.512442 3443.854000
0.512517 3446.479000
0.512618 3449.452000
0.508941 3452.176000
0.502446 3455.010000
0.486769 3459.320000
0.472059 3462.285000
0.459718 3464.987000
0.452231 3467.871000
0.448019 3470.850000
0.445866 3473.587000
0.444548 3476.448000
0.443833 3479.290000
0.443369 3482.171000
0.443195 3485.177000
0.443010 3488.003000
0.442872 3495.265000
0.442802 3496.781000
0.442819 3498.005000
0.442860 3500.854000
0.442764 3503.635000
0.446436 3506.518000
0.453140 3509.388000
0.462793 3512.260000
0.475505 3515.137000
0.491368 3518.195000
0.511363 3522.446000
0.518576 3525.291000
0.522528 3528.090000
0.525096 3531.077000
0.526255 3533.959000
0.527025 3536.735000
0.525816 3539.860000
0.521358 3542.469000
0.513366 3545.501000
0.502596 3548.400000
0.490865 3551.295000
0.484533 3554.164000
0.481024 3557.072000
0.478900 3560.075000
0.477544 3564.279000
0.477002 3567.083000
0.476712 3569.950000
0.476654 3573.060000
0.476562 3575.824000
0.476483 3578.647000
0.476384 3581.543000
0.476458 3584.472000
0.475629 3587.421000
0.472051 3590.283000
0.465341 3593.165000
0.455561 3596.096000
0.438056 3600.435000
0.431454 3603.342000
0.427723 3606.261000
0.427562 3608.462000
0.433234 3612.118000
0.440971 3614.963000
0.452009 3617.903000
0.465904 3620.814000
0.480649 3623.721000
0.495728 3626.664000
0.511290 3629.701000
0.523587 3632.468000
0.531045 3635.422000
0.535273 3638.439000
0.537384 3641.240000
0.538799 3644.166000
0.539505 3647.200000
0.538245 3650.308000
0.530456 3654.434000
0.521100 3657.384000
0.509237 3660.251000
0.494068 3663.292000
0.481096 3666.210000
0.473869 3669.110000
0.469591 3672.122000
