0.500000 -96.666660
0.500000 -93.327670
0.500000 -93.126980
0.500000 -90.940350
0.500000 -87.992520
0.500000 -84.744570
0.500000 -81.637050
0.500000 -78.969570
0.500000 -75.683500
0.500000 -72.935550
0.500000 -69.601290
0.500000 -66.799530
0.500000 -63.865960
0.500000 -60.450500
0.500000 -57.533800
0.499243 -54.643290
0.483836 -51.632130
0.451927 -48.649260
0.438298 -45.608010
0.435214 -42.632890
0.434469 -39.603360
0.434292 -36.557580
0.434252 -33.519150
0.434241 -29.950500
0.434239 -27.487530
0.434238 -24.366620
0.434238 -21.896340
0.434238 -18.760770
0.434238 -15.837880
0.434237 -12.664250
0.434238 -9.469398
0.434237 -6.898468
0.434236 -3.658783
0.434238 -0.411087
0.434237 2.206406
0.434238 5.498398
0.434239 8.146996
0.434238 11.477070
0.434237 14.156070
0.434238 17.554210
0.434237 20.275500
0.434237 23.681390
0.434237 26.421550
0.434236 29.208600
0.434238 32.669460
0.434238 35.513350
0.434237 38.310810
0.433481 41.135010
0.422678 44.051770
0.392387 47.601390
0.362093 50.456250
0.341385 53.324630
0.334575 56.344480
0.332502 59.240140
0.331846 62.148910
0.331600 65.434880
0.331524 68.712040
0.331506 71.046800
0.331496 74.085170
0.331492 77.058380
0.331492 80.100590
0.331493 83.100750
0.331491 86.114470
0.331493 89.141710
0.331492 92.233630
0.331492 95.287840
0.331491 98.356600
0.331492 101.485900
0.331491 104.580600
0.331491 107.728800
0.331491 110.068300
0.331492 113.221700
0.331492 116.380900
0.331492 119.540000
0.331491 122.063300
0.331492 125.246100
0.331491 128.442200
0.331492 131.662200
0.331492 134.078500
0.331491 137.417600
0.331491 140.734900
0.331492 143.315400
0.331490 146.585800
0.331492 149.047700
0.331492 152.784900
0.331493 155.328300
0.331492 158.646100
0.331491 161.309800
0.326948 164.651300
0.315564 167.172900
0.289813 170.538200
0.263669 173.452400
0.238463 176.270800
0.208169 179.669700
0.185447 182.228100
0.155004 185.667800
0.132283 188.243600
0.117211 191.700100
0.117212 194.481200
0.117220 197.082400
0.117218 200.562200
0.117219 203.200300
0.117219 206.704200
0.117219 209.367400
0.117221 212.103800
0.117219 215.285100
0.117220 218.832800
0.117219 221.567600
0.117219 224.245000
0.117221 227.498200
0.117222 230.190500
0.117223 233.830600
0.117221 236.564100
0.117222 239.314300
0.117226 242.023000
0.117943 245.668800
0.125056 248.588700
0.138751 251.355300
0.159359 254.138300
0.189653 257.828100
0.212372 260.603900
0.233834 263.465300
0.244616 266.481900
0.248816 269.321100
0.250570 272.128600
0.251450 275.898300
0.251685 278.730100
0.251787 281.631300
0.256581 284.686500
0.268014 287.533700
0.286339 290.401800
0.309051 293.263000
0.333361 296.333800
0.356392 299.250500
0.370578 302.373300
0.376118 305.265900
0.377132 308.166200
0.370117 311.135900
0.348688 314.532600
0.317736 317.153500
0.279869 320.286200
0.263701 323.190500
0.258699 326.305700
0.257121 329.682700
0.256705 332.371000
0.256529 335.210800
0.256452 338.273900
0.256421 341.275400
0.256408 344.284700
0.256402 347.419900
0.256399 350.515300
0.256399 353.657400
0.256398 356.696800
0.256398 359.744200
0.256398 362.799200
0.251861 365.861700
0.244093 368.228700
0.221368 371.708500
0.191076 374.465500
0.153134 377.275300
0.117227 380.097600
0.117214 383.501600
0.117212 386.237400
0.117202 389.008300
0.117208 392.213700
0.117195 395.142100
0.117218 398.516300
0.117203 401.510000
0.117204 404.287400
0.117215 407.742000
0.117203 410.510100
0.117207 413.548100
0.117215 416.619300
0.117209 419.853000
0.117223 422.131300
0.117215 425.643500
0.117208 428.964100
0.117200 431.252400
0.117217 434.181500
0.117216 437.487500
0.117212 440.801100
0.117213 443.119600
0.117207 446.500700
0.117206 449.903000
0.117202 452.306800
0.117204 455.009700
0.117201 458.361500
0.117214 461.929300
0.117208 464.257300
0.117200 468.017600
0.117218 470.343800
0.117219 474.309600
0.117213 476.309300
0.117211 479.717300
0.117211 483.119700
0.117209 486.093800
0.117215 488.685600
0.117223 491.033300
0.117219 494.518600
0.117224 497.951200
0.117230 500.289200
0.117228 504.279700
0.117228 506.717000
0.117227 509.830300
0.117230 512.296400
0.117225 515.848100
0.117230 518.164300
0.117225 521.033300
0.117225 524.694300
0.117225 527.022500
0.117227 530.627100
0.117229 534.144900
0.117227 536.564300
0.117220 539.031300
0.117248 543.132200
0.117237 545.675700
0.117244 548.160600
0.117247 551.738300
0.117242 554.600500
0.117241 557.029500
0.117247 560.813000
0.117248 563.338300
0.117250 566.339400
0.117245 570.023500
0.117243 572.236300
0.117243 575.656700
0.117999 578.280800
0.122538 581.272600
0.134031 584.927700
0.145710 587.404600
0.168449 591.158400
0.184733 593.753100
0.200229 596.226400
0.223368 599.926800
0.242010 602.912400
0.257519 605.400000
0.280638 609.114600
0.295733 611.543900
0.311620 614.105000
0.335023 617.883400
0.348287 620.335000
0.356559 623.024200
0.362353 626.841800
0.364102 629.289500
0.365420 632.988200
0.365841 635.458300
0.366094 638.048600
0.366267 641.765200
0.366336 644.807100
0.366362 647.292500
0.366388 650.834000
0.366401 653.364300
0.366411 657.108800
0.366406 659.609200
0.366411 662.524000
0.366414 665.031500
0.366409 668.798600
0.366409 671.364700
0.366406 675.162900
0.366413 677.780500
0.366418 680.362800
0.366411 684.160400
0.366413 686.698400
0.366414 689.237700
0.366410 693.053100
0.366411 695.600900
0.366412 698.152000
0.366410 701.985400
0.366414 704.619200
0.366414 707.183100
0.366412 711.098300
0.366413 713.669600
0.366409 716.251300
0.366403 720.122600
0.366415 722.911500
0.366410 725.673100
0.366415 728.268900
0.366417 731.028600
0.366412 734.925200
0.366407 737.527100
0.366408 740.217300
0.366415 744.131600
0.366409 747.032800
0.366407 749.732600
0.366407 752.551000
0.366410 755.311100
0.366413 758.215700
0.366413 761.144500
0.366419 765.096700
0.366410 767.539700
