0.500000 -96.666660
0.500000 -93.327670
0.500000 -93.126980
0.500000 -90.940340
0.507573 -87.834180
0.541808 -84.996510
0.432498 -81.902470
0.423196 -78.758670
0.422933 -75.813830
0.422900 -72.632580
0.422894 -69.750480
0.422893 -66.847230
0.422893 -63.922880
0.422892 -60.977380
0.422892 -57.414910
0.422893 -54.423020
0.422892 -51.409910
0.422893 -48.984270
0.422892 -45.693680
0.422893 -42.759870
0.422892 -39.934840
0.422892 -36.893290
0.422893 -33.807460
0.422892 -30.948150
0.422893 -27.829760
0.422892 -24.997300
0.422893 -21.784580
0.422893 -18.987110
0.422892 -15.910760
0.422893 -12.786860
0.422892 -9.861023
0.422892 -6.819435
0.422893 -3.886803
0.422893 -0.837830
0.449400 2.091599
0.475815 5.216309
0.443631 8.157936
0.423090 11.154430
0.422303 14.320670
0.422249 17.229590
0.422240 20.315320
0.422237 23.590350
0.422237 26.514030
0.422236 29.707400
0.422237 32.204640
0.422238 35.546230
0.422237 38.061200
0.422237 44.854140
0.422236 48.669490
0.422238 49.405210
0.422236 50.095730
0.422237 53.015380
0.422237 56.136580
0.426057 59.022170
0.485840 62.194870
0.507282 65.210690
0.508468 68.246660
0.508550 71.194230
0.508564 74.548710
0.508570 77.121090
0.508570 80.022400
0.508569 83.203280
0.508570 86.585250
0.508567 89.289230
0.508568 92.029850
0.508567 95.695770
0.508569 98.582550
0.508566 101.348400
0.508567 104.121900
0.508569 107.831800
0.508566 110.623200
0.508568 113.422100
0.508568 116.046300
0.508570 119.513300
0.508566 122.159700
0.508568 125.231700
0.488118 128.208500
0.448940 131.293500
0.445240 134.068400
0.459893 137.030000
0.487419 140.340600
0.489087 143.320100
0.489285 146.462100
0.489317 149.544100
0.489321 152.312500
0.489325 155.350700
0.489329 158.658600
0.489325 161.522700
0.489325 164.332200
0.489325 167.293000
0.489331 170.580300
0.489328 173.655500
0.489327 176.738400
0.489326 179.828700
0.489326 182.936700
0.489327 185.652400
0.489329 188.050000
0.489328 191.134800
0.489328 194.191600
0.489327 197.184000
0.468063 200.055900
0.419446 203.027000
0.410539 206.308000
0.416635 209.204800
0.463627 212.106900
0.479360 215.055300
0.480943 218.353000
0.481057 221.090400
0.481067 224.055100
0.481079 227.037700
0.481078 230.038300
0.481081 233.069900
0.481067 236.093400
0.460628 239.147900
0.404080 242.228300
0.388349 245.355200
0.386823 248.129900
0.386621 251.046100
0.386594 254.218100
0.386593 257.376200
0.386590 260.154500
0.386593 263.346500
0.386591 266.175000
0.386592 269.400800
0.413384 272.296100
0.438455 275.141300
0.442684 278.012700
0.443269 281.301600
0.443322 284.194200
0.443325 287.100700
0.443327 290.020800
0.443327 293.375000
0.443332 296.324700
0.443335 299.288300
0.436521 302.265700
0.394866 305.256700
0.374611 308.316300
0.372005 311.043600
0.371531 314.083800
0.371468 317.323800
0.371459 320.382000
0.371458 323.014300
0.371459 326.112000
0.371455 329.209600
0.371455 332.321100
0.369183 335.446200
0.344210 338.135900
0.291955 341.286700
0.248408 344.345600
0.234997 347.414000
0.229450 350.127500
0.212813 353.110100
0.184790 356.363000
0.154494 359.885300
0.131778 362.704000
0.117199 365.674300
0.117211 368.810800
0.117223 371.865100
0.117226 374.463500
0.117224 377.437800
0.117225 380.073400
0.117228 383.526600
0.117225 386.361800
0.117224 389.340900
0.117226 392.286000
0.117223 395.184100
0.117224 398.062100
0.117225 401.432200
0.117226 404.306500
0.117221 407.186700
0.117223 410.074900
0.117225 413.080900
0.117228 416.473800
0.117222 419.461100
0.117226 422.017400
0.117222 425.444400
0.117225 428.225000
0.117226 431.398900
0.117223 434.365500
0.117227 437.342600
0.117227 440.329700
0.117980 443.327000
0.133759 446.040500
0.174672 449.057900
0.193354 452.083800
0.197522 455.119900
0.217365 458.000400
0.259221 461.055100
0.304661 464.120100
0.329596 467.195100
0.334028 470.280300
0.334817 473.375700
0.334958 476.481100
0.334979 479.076700
0.334987 482.285600
0.334989 485.430800
0.328171 488.050400
0.292408 491.320100
0.246707 494.501000
0.229378 497.144500
0.224896 500.345800
0.224153 503.024800
0.212441 506.311000
0.174459 509.521100
0.136588 512.204000
0.117210 515.487200
0.117209 518.185700
0.117227 521.515300
0.117223 524.229100
0.117231 527.494900
0.117225 530.224300
0.117229 533.520000
0.117234 536.263600
0.117229 539.014100
0.117228 542.469800
0.117234 545.235700
0.117239 548.349400
0.117234 551.143800
0.117227 554.675100
0.117230 557.803200
0.117227 560.326400
0.117240 563.001100
0.117238 566.803200
0.117246 569.831500
0.117246 572.273700
0.117241 575.624900
0.117242 579.057900
0.117237 581.430700
0.117245 585.116500
0.117237 588.183200
0.117243 590.792100
0.119565 593.550700
0.124863 596.294600
0.134744 599.604600
0.148251 603.061900
0.162634 606.007700
0.177778 609.020700
0.192926 612.101100
0.202448 614.069000
0.218270 617.391700
0.236507 621.306000
0.251655 624.622600
0.259229 626.306100
0.278205 630.591900
0.287738 633.483500
0.294100 636.057400
0.298391 638.374500
0.302584 641.826500
0.304945 645.281600
0.305863 647.373800
0.306869 650.764800
0.307489 653.957000
0.307802 656.550200
0.308037 659.948600
0.308116 662.015000
0.308181 665.342000
0.308214 668.573100
0.308223 671.496600
0.308226 674.219800
0.308225 677.447300
0.308225 680.575600
0.308226 683.050700
0.308226 686.062600
0.308226 689.106900
0.308225 692.087300
0.308226 695.093100
0.308224 698.071800
0.293078 701.053900
0.259767 704.041200
0.221772 707.044400
0.183900 710.043800
0.146035 713.049700
0.117229 716.062400
0.117202 719.322800
0.117224 722.423900
0.117244 725.527100
0.117245 728.567000
0.117247 731.055700
0.117238 734.108900
0.117243 737.201300
0.122333 740.518900
0.139450 743.072300
0.175048 746.152200
0.213832 749.314100
0.251675 752.406300
0.287647 755.507400
