0.500000 -96.666660
0.500000 -93.327670
0.500000 -93.126980
0.500000 -90.933660
0.500000 -87.612620
0.500000 -84.957100
0.500000 -81.922510
0.500000 -78.929480
0.500000 -75.938520
0.500000 -72.952860
0.500000 -69.956480
0.500000 -66.907490
0.500000 -63.977010
0.500000 -60.817780
0.500000 -57.815820
0.500001 -54.733770
0.500000 -51.947160
0.499999 -48.917940
0.500000 -45.959390
0.500000 -42.850020
0.499999 -39.857080
0.500000 -36.986870
0.499999 -33.826900
0.500001 -30.909270
0.500000 -27.810970
0.499999 -24.919970
0.499999 -21.854660
0.499999 -18.752750
0.499999 -15.897980
0.499999 -12.989410
0.499999 -9.859077
0.499999 -6.775932
0.499999 -3.772720
0.499999 -0.754387
0.500002 2.046379
0.499998 5.177040
0.500000 8.011398
0.500002 11.280990
0.500001 14.382990
0.500000 17.415430
0.499998 20.275910
0.500001 23.214230
0.499999 26.235940
0.500001 29.011310
0.499997 32.092820
0.499999 35.162700
0.500000 38.367430
0.499997 41.096450
0.500000 44.175700
0.499999 47.036480
0.500001 50.324420
0.499999 53.135440
0.500000 56.075710
0.500000 59.324140
0.499998 62.358630
0.500004 65.311520
0.499999 68.312420
0.499998 71.044750
0.499996 74.088200
0.499996 77.168580
0.499995 80.443710
0.500000 83.253970
0.500000 86.224000
0.500002 89.008820
0.499994 92.221880
0.499996 95.118610
0.499995 98.045520
0.500003 101.148500
0.500002 104.448300
0.499999 107.429500
0.500001 110.328400
0.499993 113.219400
0.500001 116.151900
0.500004 119.152900
0.500000 122.264800
0.500000 125.241300
0.500003 128.313900
0.499996 131.209500
0.500000 134.355600
0.499997 137.063400
0.499996 140.229600
0.499996 143.292900
0.499997 146.033500
0.500000 149.256400
0.500002 152.114100
0.500000 155.263700
0.499995 158.023300
0.499997 161.251600
0.500002 164.055700
0.500002 167.490800
0.499993 170.212500
0.499996 173.217100
0.499998 176.298600
0.500004 179.257200
0.500000 182.156200
0.499999 185.468000
0.499999 188.017400
0.499993 191.363600
0.500000 194.357700
0.500000 197.355800
0.499994 200.299000
0.500001 203.315200
0.499994 206.338600
0.499995 209.395700
0.500003 212.394100
0.500001 215.043600
0.499988 218.161600
0.500002 221.384300
0.499996 224.358500
0.499999 227.436500
0.500002 230.095300
0.500003 233.267600
0.500005 236.411200
0.500001 239.191600
0.499996 242.396200
0.499998 245.133300
0.499998 248.246300
0.500001 251.059400
0.499997 254.047500
0.500003 257.103500
0.499984 260.294700
0.499997 263.104900
0.499997 266.289500
0.500002 269.273300
0.499995 272.055200
0.499997 275.374500
0.500001 278.250500
0.499987 281.148000
0.499990 284.092100
0.499996 287.068600
0.499995 290.238100
0.499985 293.308500
0.499990 296.340100
0.500000 299.482000
0.499998 302.465600
0.499996 305.424300
0.499986 308.326800
0.500000 311.351300
0.500009 314.829600
0.500010 317.252900
0.499998 320.326300
0.499994 323.207200
0.499997 326.244700
0.500003 329.269300
0.500005 332.301400
0.499999 335.410600
0.499996 338.361600
0.499999 341.429000
0.500007 344.001900
0.499999 347.368200
0.500004 350.202100
0.499992 353.264600
0.500007 356.443800
0.499989 359.493000
0.499994 362.102500
0.499999 365.263600
0.499988 368.404300
0.500001 371.189100
0.500002 374.420000
0.499987 377.235100
0.500000 380.020000
0.500011 383.246600
0.499988 386.389500
0.500002 389.218400
0.500010 392.401000
0.499993 395.532000
0.499990 398.184100
0.499996 401.517400
0.499997 404.145300
0.499996 407.511700
0.500007 410.346700
0.499992 413.426800
0.499991 416.353100
0.500000 419.422700
0.500001 422.254800
0.500000 425.046300
0.500000 428.289400
0.500018 431.072300
0.500007 434.390800
0.499996 437.172900
0.499992 440.042100
0.499999 443.382500
0.500005 446.174900
0.500001 449.002100
0.499998 452.413500
0.500005 455.310500
0.499999 458.136700
0.500016 461.565400
0.499991 464.393400
0.500004 467.498100
0.500002 470.020300
0.500009 473.564100
0.499996 476.789400
0.500004 479.357300
0.500004 482.290600
0.500008 485.212000
0.500002 488.168500
0.500016 491.573300
0.500018 494.505700
0.500004 497.456000
0.500003 500.466200
0.500004 503.458800
0.500001 506.109300
0.499997 509.438100
0.499999 512.251900
0.500006 515.267200
0.500007 518.218600
0.500019 521.288500
0.499996 524.217700
0.500012 527.212200
0.500007 530.296400
0.500007 533.349200
0.500004 536.148000
0.500010 539.421200
0.499108 542.599200
0.489077 545.436500
0.485282 548.447900
0.484353 551.589700
0.484169 554.000100
0.484104 557.038900
0.484088 560.171600
0.484089 563.212000
0.484071 566.352400
0.484072 569.415900
0.484082 572.580900
0.484078 575.021100
0.484081 578.154300
0.483291 581.356500
0.468905 584.412000
0.435556 587.621900
0.405374 590.181000
0.388991 593.320800
0.385127 596.408500
0.384173 599.579700
0.383949 602.130400
0.383887 605.363300
0.383870 608.554300
0.390419 611.090500
0.416572 614.301500
0.431970 617.519400
0.435221 620.100800
0.432603 623.366900
0.411681 626.550400
0.382195 629.215300
0.350042 632.555200
0.340823 635.593900
0.338782 638.214300
0.338067 641.469400
0.344361 644.067600
0.370795 647.434900
0.407699 650.700100
0.432095 653.326300
0.441652 656.631900
0.443647 659.216200
0.444376 662.538200
0.448917 665.182200
0.462866 668.592300
0.466089 671.228300
0.467304 674.680900
0.467550 677.245100
0.467613 680.524800
0.467655 683.212800
0.467635 686.571300
0.467647 689.264700
0.467634 692.640800
0.467645 695.403800
0.467639 698.052400
0.467647 701.500500
0.467637 704.165400
0.467641 707.623900
0.467632 710.371200
0.467639 713.031800
0.467629 716.453800
0.467638 719.256100
0.467650 722.634300
0.467639 725.389100
0.467645 728.149600
0.467629 731.624300
0.467657 734.429300
0.467627 737.153800
0.467632 740.626800
0.467631 743.442900
0.467630 746.190900
0.467644 749.060900
0.467638 752.482500
0.467643 755.282300
0.467637 758.126300
0.467620 761.608400
0.467642 764.425500
0.467644 767.245700
0.467644 770.131200
0.467627 773.619100
0.467627 776.506000
0.467650 779.352000
0.467651 782.136100
0.467649 785.027600
0.467626 788.556500
0.467635 791.444200
0.467641 794.304800
0.467624 797.198800
0.467645 800.155000
0.467647 803.720800
0.467621 806.957500
0.467623 809.408500
0.467609 812.307400
0.467633 815.352500
0.467624 818.935200
0.467636 821.837200
0.467622 824.639800
0.467636 827.909400
0.467632 830.123400
0.467646 833.497200
0.467652 836.289500
0.467634 839.202600
0.467650 842.159200
0.467647 845.100000
0.467633 848.076500
0.467642 851.009100
0.467663 854.015900
0.467626 857.637300
0.467629 860.670200
0.467637 863.782300
0.467625 866.518700
0.467642 869.509600
0.467642 872.551500
0.467627 875.675600
0.463867 878.531300
0.447600 881.489900
0.431696 884.440700
0.426557 887.450700
0.424901 890.458500
0.424369 893.520400
0.424227 896.482000
0.424166 899.506100
0.424149 902.591400
0.424145 905.562300
0.424143 908.629200
0.424135 911.633900
0.424139 914.739100
0.424144 917.030400
0.424144 920.078200
0.424125 923.122100
0.424132 926.131300
0.424140 929.240500
0.424146 932.261500
0.424141 935.341800
0.424133 938.421000
0.424137 941.500500
0.424131 944.669200
0.424142 947.745100
0.424130 950.061600
0.424142 953.114300
0.424115 956.269300
0.424133 959.327900
0.424133 962.483600
0.424127 965.558300
0.424151 968.683200
0.424143 971.019900
0.424131 974.244400
0.424144 977.343100
0.424146 980.476300
0.424134 983.653100
0.424141 986.720700
0.424127 989.125900
0.424145 992.345600
0.424135 995.459800
0.424136 998.594600
0.424137 1001.742000
0.424133 1004.131000
0.424139 1007.300000
0.424153 1010.568000
0.424150 1013.670000
0.424134 1016.066000
0.419833 1019.246000
0.411661 1022.450000
0.409086 1025.664000
0.408362 1028.135000
0.408015 1031.339000
0.407909 1034.551000
0.405734 1037.719000
0.396833 1040.130000
0.384403 1043.427000
0.384156 1046.962000
0.391353 1049.042000
0.410101 1052.255000
0.419084 1055.592000
0.421418 1058.066000
0.423376 1061.288000
0.434615 1064.514000
0.447664 1067.823000
0.450960 1070.182000
0.452690 1073.455000
0.453282 1076.806000
0.453405 1079.232000
0.453457 1082.474000
0.453471 1085.766000
0.455836 1088.292000
0.467332 1091.512000
0.472236 1094.002000
0.474674 1097.380000
0.475429 1100.689000
0.475622 1103.142000
0.475728 1106.418000
0.475756 1109.740000
0.476562 1112.351000
0.487066 1115.637000
0.493338 1118.067000
0.496612 1121.484000
0.497627 1124.782000
0.491568 1127.278000
0.474756 1130.648000
0.468273 1133.116000
0.464976 1136.476000
0.455619 1139.828000
0.442690 1142.344000
0.434969 1145.731000
0.432912 1148.262000
0.431896 1151.644000
0.431598 1154.219000
0.431479 1157.563000
0.431428 1160.105000
0.437990 1163.501000
0.450182 1166.138000
0.457031 1169.538000
0.458873 1172.093000
0.464533 1175.402000
0.472453 1178.015000
0.476326 1181.449000
0.477274 1184.013000
0.477775 1187.457000
0.485130 1190.800000
0.498611 1193.372000
0.526903 1196.902000
0.546650 1199.396000
0.556680 1202.089000
0.561407 1205.509000
0.562712 1208.104000
0.563358 1211.566000
0.559812 1214.162000
0.543584 1217.628000
0.524129 1220.195000
0.509069 1223.701000
0.505041 1226.311000
0.502924 1229.822000
0.502465 1232.420000
0.502173 1235.054000
0.501377 1238.493000
0.494310 1241.182000
0.480327 1244.657000
0.475975 1247.265000
0.473827 1250.784000
0.473236 1253.343000
0.472961 1256.860000
0.472904 1259.505000
0.470711 1262.127000
0.458827 1265.696000
0.453991 1268.324000
0.451499 1271.930000
0.450859 1274.585000
0.450606 1277.159000
0.450509 1280.763000
0.450407 1283.384000
0.450408 1286.032000
0.450370 1289.592000
0.450371 1292.259000
0.450400 1295.896000
0.450428 1298.572000
0.450442 1301.276000
0.450401 1304.818000
0.450380 1307.505000
0.450401 1310.141000
0.450414 1313.731000
0.450396 1316.426000
0.450369 1319.122000
0.450388 1322.731000
0.449647 1325.416000
0.442888 1328.167000
0.425633 1331.756000
0.418744 1334.519000
0.415892 1337.181000
0.414608 1340.136000
0.414029 1343.513000
0.413890 1346.245000
0.413794 1349.100000
0.413790 1352.604000
0.413750 1355.413000
0.413772 1358.069000
0.413784 1361.742000
0.413745 1364.469000
0.413772 1367.188000
0.413781 1370.856000
0.413779 1373.605000
0.413754 1376.440000
0.411490 1379.232000
0.397564 1382.962000
0.382623 1385.597000
0.374790 1388.459000
0.371619 1391.178000
0.370045 1394.833000
0.375814 1397.602000
0.388236 1400.320000
0.405514 1403.153000
0.415280 1406.786000
0.417941 1409.578000
0.421607 1412.353000
0.432047 1415.152000
0.450993 1419.075000
0.456024 1421.651000
0.458360 1424.522000
0.459314 1427.241000
0.459819 1430.122000
0.460015 1433.905000
0.460072 1436.595000
0.460042 1439.426000
0.460112 1442.291000
0.460069 1445.026000
0.460115 1448.781000
0.460059 1451.618000
0.460090 1454.422000
0.460040 1457.247000
0.460094 1460.083000
0.460079 1463.858000
0.460076 1466.693000
0.460112 1469.540000
0.460046 1472.366000
0.460108 1475.208000
0.460083 1478.117000
0.460119 1481.835000
0.460097 1484.687000
0.460080 1487.541000
0.460073 1490.429000
0.460076 1493.307000
0.460082 1496.188000
0.460107 1499.047000
0.460100 1502.795000
0.460100 1505.781000
0.460077 1508.531000
0.460873 1511.489000
0.467365 1514.344000
0.478635 1517.144000
0.484584 1520.100000
0.487033 1523.049000
0.488180 1526.838000
0.488517 1529.741000
0.488629 1532.634000
0.488725 1535.550000
0.488738 1538.348000
0.488775 1541.326000
0.487555 1544.257000
0.480435 1547.054000
0.475675 1551.148000
0.474632 1553.369000
0.473909 1556.095000
0.473551 1559.650000
0.473445 1562.582000
0.473430 1565.518000
0.473375 1568.429000
0.473341 1571.515000
0.473319 1574.366000
0.473354 1577.213000
0.473337 1580.232000
0.473344 1583.153000
0.473335 1586.018000
0.473336 1589.027000
0.473336 1592.959000
0.473345 1595.910000
0.473291 1598.854000
0.468964 1601.793000
0.458103 1604.699000
0.445644 1607.690000
0.440512 1610.700000
0.438360 1613.667000
0.437462 1616.569000
0.437130 1619.619000
0.443153 1622.444000
0.456240 1625.425000
0.470011 1628.393000
0.475861 1631.390000
0.478301 1634.476000
0.480128 1637.436000
0.487893 1640.398000
0.497177 1643.327000
0.501284 1646.405000
0.503771 1649.370000
0.511845 1652.296000
0.525107 1655.347000
0.531624 1658.362000
0.534416 1661.374000
0.535624 1664.365000
0.536129 1667.308000
0.536280 1670.330000
0.534528 1673.632000
0.526248 1676.399000
0.510947 1679.382000
0.491581 1682.372000
0.481829 1685.419000
0.477720 1688.491000
0.476033 1691.483000
0.475299 1694.515000
0.474978 1697.549000
0.474857 1700.583000
0.476365 1703.650000
0.485164 1706.674000
0.501185 1709.807000
0.516109 1712.796000
0.522453 1715.776000
0.525310 1718.924000
0.524865 1722.041000
0.520508 1724.011000
0.502953 1728.011000
0.489197 1730.109000
0.472434 1733.111000
0.465024 1736.265000
0.462092 1739.249000
0.460758 1742.412000
0.459532 1745.403000
0.455636 1748.524000
0.454008 1751.590000
0.453350 1754.740000
0.453023 1757.817000
0.452914 1760.920000
0.452851 1763.994000
0.452848 1766.031000
0.452816 1769.138000
0.452816 1772.207000
0.452823 1775.322000
0.452810 1778.425000
0.452819 1781.511000
0.452813 1784.662000
0.452822 1787.714000
0.452843 1790.869000
0.452846 1793.955000
0.452842 1796.015000
0.452825 1799.138000
0.452808 1802.253000
0.452819 1805.385000
0.452857 1808.452000
0.452821 1811.643000
0.452835 1814.813000
0.456605 1817.853000
0.467872 1820.996000
0.479186 1823.121000
0.489209 1826.196000
0.493524 1829.335000
0.495373 1832.503000
0.496170 1835.787000
0.496486 1838.868000
0.496594 1841.057000
0.496612 1844.033000
0.496690 1847.192000
0.496691 1850.349000
0.496718 1853.658000
0.498913 1856.672000
0.507950 1859.924000
0.521173 1863.003000
0.526322 1865.119000
0.530137 1868.292000
0.531774 1871.529000
0.532453 1874.759000
0.532801 1877.917000
0.529347 1880.017000
0.518377 1883.207000
0.503018 1886.312000
0.495312 1889.540000
0.492068 1892.725000
0.490704 1895.913000
0.490242 1898.053000
0.489907 1901.288000
0.489792 1904.452000
0.489708 1907.689000
0.489646 1910.895000
0.489674 1913.093000
0.489742 1916.215000
0.489714 1919.414000
0.489675 1922.698000
0.489686 1926.004000
0.489660 1928.010000
0.489689 1931.333000
0.489704 1934.465000
0.489679 1937.783000
0.489692 1940.924000
0.489666 1943.138000
0.485110 1946.404000
0.473834 1949.643000
0.462117 1952.791000
0.456995 1956.039000
0.455275 1958.313000
0.454092 1961.450000
0.453613 1964.790000
0.453354 1967.956000
0.453336 1970.226000
0.453244 1973.380000
0.453226 1976.789000
0.453231 1979.972000
0.453250 1982.188000
0.452530 1985.388000
0.445729 1988.696000
0.432128 1991.983000
0.420125 1994.057000
0.408536 1997.323000
0.403524 2000.704000
0.401534 2003.899000
0.400816 2006.087000
0.400336 2009.383000
0.400156 2012.671000
0.400043 2015.965000
0.400045 2018.146000
0.400014 2021.527000
0.399999 2024.738000
0.400048 2027.029000
0.400014 2030.302000
0.395645 2033.526000
0.384497 2036.849000
0.372807 2039.153000
0.357961 2042.357000
0.351387 2045.680000
0.348651 2048.998000
0.349164 2051.256000
0.356634 2054.617000
0.370358 2057.855000
0.383400 2060.063000
0.405902 2063.422000
0.418912 2066.794000
0.423220 2069.131000
0.426120 2072.280000
0.432902 2075.697000
0.446313 2079.036000
0.453054 2081.247000
0.458121 2084.592000
0.460255 2087.872000
0.460961 2090.108000
0.461491 2093.466000
0.461658 2096.810000
0.461744 2099.046000
0.461842 2102.407000
0.460327 2105.869000
0.451715 2109.104000
0.442066 2111.346000
0.427828 2114.889000
0.423714 2117.009000
0.420498 2120.350000
0.419114 2123.715000
0.420223 2127.319000
0.424547 2129.335000
0.437366 2132.728000
0.449647 2135.052000
0.469578 2138.372000
0.479420 2141.750000
0.482454 2144.023000
0.484832 2147.422000
0.485789 2150.940000
0.486117 2153.145000
0.486298 2156.622000
0.486404 2159.941000
0.486455 2162.217000
0.486480 2165.532000
0.486528 2169.022000
0.488482 2171.190000
0.497639 2174.672000
0.512960 2178.032000
0.526856 2180.290000
0.549175 2183.712000
0.566300 2187.129000
0.572484 2189.721000
0.576333 2193.010000
0.577563 2195.223000
0.578582 2198.656000
0.579002 2202.075000
0.579081 2204.366000
0.572729 2207.695000
0.564251 2210.096000
0.547100 2213.444000
0.526667 2216.895000
0.519314 2219.197000
0.513872 2222.640000
0.510999 2225.021000
0.501571 2228.394000
0.485167 2231.854000
0.472738 2234.215000
0.463775 2237.646000
0.460817 2240.002000
0.458708 2243.498000
0.457791 2246.910000
0.457489 2249.227000
0.456500 2252.680000
0.452555 2255.033000
0.441295 2258.500000
0.423493 2261.936000
0.414813 2264.197000
0.408945 2267.806000
0.411290 2270.057000
0.420449 2273.552000
0.436340 2277.037000
0.450079 2279.311000
0.468259 2282.938000
0.473452 2285.117000
0.477549 2288.613000
0.478916 2291.034000
0.476783 2294.472000
0.466599 2298.068000
0.456769 2300.292000
0.435884 2303.818000
0.423136 2306.108000
0.413146 2309.749000
0.409181 2313.151000
0.407879 2315.497000
0.406896 2319.115000
0.406576 2321.362000
0.412776 2324.869000
0.420522 2327.211000
0.438766 2330.881000
0.453288 2333.207000
0.466089 2336.763000
0.471486 2340.277000
0.473251 2342.708000
0.474446 2346.073000
0.474896 2348.437000
0.475216 2352.056000
0.475232 2354.342000
0.475334 2357.979000
0.475388 2360.343000
0.475390 2363.897000
0.476270 2366.267000
0.482916 2369.754000
0.490825 2372.072000
0.498875 2375.715000
0.501189 2378.001000
0.503089 2381.564000
0.503681 2384.046000
0.504104 2387.531000
0.504258 2390.003000
0.497620 2393.568000
0.483518 2397.342000
0.477697 2399.412000
0.472576 2403.110000
0.470785 2405.690000
0.469824 2409.085000
0.469387 2411.485000
0.469059 2415.082000
0.468988 2417.347000
0.468958 2420.979000
0.468943 2423.409000
0.475745 2427.059000
0.483430 2429.307000
0.499024 2432.900000
0.504944 2435.324000
0.509386 2438.990000
0.510583 2441.340000
0.511750 2445.031000
0.508683 2447.341000
0.501489 2450.115000
0.488464 2453.431000
0.467195 2457.090000
0.457865 2459.391000
0.450611 2463.082000
0.448334 2465.417000
0.446626 2469.051000
0.446093 2471.464000
0.445639 2475.115000
0.445458 2477.528000
0.445448 2481.199000
0.445433 2483.580000
0.445421 2486.006000
0.445368 2489.743000
0.445453 2492.066000
0.445426 2495.714000
0.445410 2498.244000
0.445458 2501.790000
0.445424 2504.231000
0.445362 2507.875000
0.445386 2510.403000
0.445473 2513.969000
0.445380 2516.503000
0.445401 2520.190000
0.445339 2522.513000
0.451918 2526.162000
0.460173 2528.631000
0.469164 2531.056000
0.476035 2534.742000
0.478464 2537.329000
0.480136 2541.217000
0.480621 2543.410000
0.480989 2547.098000
0.481701 2549.590000
0.488463 2553.141000
0.496750 2555.599000
0.508674 2558.178000
0.530598 2561.938000
0.544922 2564.294000
0.561787 2567.880000
0.567451 2570.431000
0.568277 2574.179000
0.563037 2576.880000
0.556302 2579.033000
0.539588 2582.669000
0.524960 2585.148000
0.503925 2588.947000
0.496705 2591.417000
0.491061 2595.138000
0.489381 2597.623000
0.488524 2600.109000
0.487698 2603.725000
0.486745 2606.300000
0.479483 2610.041000
0.473033 2612.383000
0.467895 2616.144000
0.466260 2618.670000
0.465409 2621.122000
0.464728 2624.860000
0.464582 2627.436000
0.464433 2631.136000
0.463622 2633.565000
0.459794 2636.072000
0.452491 2639.913000
0.450338 2642.398000
0.448735 2646.095000
0.448262 2648.546000
0.447927 2651.039000
0.447715 2654.813000
0.447547 2657.432000
0.443252 2661.174000
0.436750 2663.572000
0.427087 2666.074000
0.406500 2669.906000
0.393055 2672.448000
0.384335 2676.161000
0.385164 2678.740000
0.388853 2681.244000
0.400113 2685.027000
0.405788 2687.472000
0.409171 2690.049000
0.411641 2693.875000
0.412376 2696.352000
0.417582 2700.036000
0.424929 2702.546000
0.435946 2705.229000
0.455957 2708.892000
0.470677 2711.394000
0.495087 2715.556000
0.508223 2717.785000
0.523220 2720.321000
0.545003 2724.044000
0.555044 2726.703000
0.560318 2729.132000
0.561275 2733.003000
0.556735 2735.469000
0.549068 2738.013000
0.532282 2741.825000
0.517896 2744.353000
0.500580 2748.151000
0.495051 2750.723000
0.491994 2753.269000
0.489589 2757.092000
0.485994 2759.836000
0.480233 2762.188000
0.464684 2766.145000
0.457469 2768.590000
0.453096 2771.198000
0.449792 2775.217000
0.448922 2777.525000
0.448351 2780.072000
0.451488 2783.982000
0.457823 2786.543000
0.466666 2789.037000
0.480006 2792.899000
0.484212 2795.461000
0.486869 2798.032000
0.488469 2801.872000
0.489132 2804.556000
0.483108 2808.323000
0.476920 2810.998000
0.473598 2813.453000
0.471655 2816.091000
0.473440 2819.856000
0.479014 2822.454000
0.487616 2825.109000
0.495673 2828.939000
0.498673 2831.737000
0.499920 2834.139000
0.500988 2838.237000
0.501299 2840.658000
0.501353 2843.123000
0.501597 2847.005000
0.501719 2849.719000
0.501550 2852.271000
0.501763 2856.166000
0.498340 2858.654000
0.491180 2861.387000
0.474851 2865.421000
0.467932 2867.761000
0.463442 2870.482000
0.460304 2874.260000
0.459171 2876.849000
0.458612 2879.551000
0.458308 2882.051000
0.458032 2885.963000
0.457971 2888.571000
0.457924 2891.232000
0.458039 2895.198000
0.457878 2897.690000
0.457990 2900.437000
0.457893 2904.227000
0.457844 2906.833000
0.457935 2909.506000
0.457909 2912.172000
0.457862 2915.993000
0.457804 2918.619000
0.457939 2921.234000
0.457873 2925.265000
0.461650 2927.888000
0.467990 2930.403000
0.477685 2933.050000
0.497737 2936.985000
0.512679 2939.615000
0.528135 2942.350000
0.549821 2946.183000
0.564757 2948.817000
0.579617 2951.452000
0.594464 2954.081000
0.614747 2958.016000
0.622061 2960.674000
0.626521 2963.454000
0.628860 2966.069000
0.629066 2970.168000
0.625442 2972.540000
0.618138 2975.250000
0.601789 2979.225000
0.587724 2981.820000
0.572845 2984.467000
0.557908 2987.144000
0.537407 2991.129000
0.530176 2993.756000
0.526069 2996.408000
0.523828 2999.056000
0.520686 3003.537000
0.516426 3005.749000
0.508629 3008.469000
0.497024 3012.431000
0.493266 3015.113000
0.491320 3017.725000
0.490035 3020.332000
0.489182 3024.331000
0.488990 3026.988000
0.488743 3029.686000
0.488714 3032.319000
0.488607 3036.319000
0.488595 3038.994000
0.488455 3041.663000
0.490155 3044.418000
0.495364 3047.087000
0.508378 3051.035000
0.521010 3053.684000
0.534444 3056.499000
0.541468 3059.058000
0.547013 3063.081000
0.548735 3065.758000
0.549761 3068.561000
0.552719 3071.229000
0.562687 3075.141000
0.573079 3077.827000
0.586627 3080.532000
0.602396 3083.371000
0.624049 3087.287000
0.633914 3090.006000
0.638837 3092.770000
0.637603 3095.425000
0.632686 3098.090000
0.619717 3102.136000
0.607568 3104.847000
0.592369 3107.637000
0.578259 3110.184000
0.555426 3114.339000
0.541164 3116.944000
0.526008 3119.697000
0.510865 3122.457000
0.495903 3125.146000
0.473624 3129.234000
0.457979 3132.072000
0.443773 3134.658000
0.428959 3137.358000
0.414313 3140.035000
0.392021 3144.105000
0.382175 3146.826000
0.376606 3149.585000
0.373636 3152.275000
0.371308 3156.308000
0.373798 3158.986000
0.379388 3161.715000
0.387874 3164.431000
0.397246 3167.132000
0.404515 3171.254000
0.406810 3174.053000
0.408187 3176.824000
0.409787 3179.635000
0.414415 3182.373000
0.426268 3186.310000
0.432683 3189.013000
0.436361 3191.832000
0.438285 3194.558000
0.439535 3197.297000
0.440184 3200.037000
0.440614 3204.054000
0.440785 3206.832000
0.440869 3209.531000
0.443139 3212.347000
0.448269 3215.028000
0.459816 3219.112000
0.464545 3222.065000
0.466865 3224.644000
0.468377 3227.506000
0.469072 3230.148000
0.469641 3233.269000
0.468247 3237.105000
0.463588 3239.761000
0.455377 3242.569000
0.444487 3245.300000
0.436634 3248.128000
0.431063 3252.202000
0.429039 3255.162000
0.428163 3257.832000
0.429104 3260.562000
0.433734 3263.386000
0.441161 3266.121000
0.455456 3270.203000
0.461203 3273.055000
0.464383 3275.897000
0.466091 3278.573000
0.467000 3281.235000
0.467617 3284.116000
0.467976 3288.174000
0.468126 3291.023000
0.468122 3293.723000
0.468171 3296.617000
0.468312 3299.307000
0.468320 3302.059000
0.468990 3306.206000
0.472794 3308.998000
0.479497 3311.784000
0.487510 3314.651000
0.491838 3317.370000
0.494302 3320.157000
0.495755 3323.280000
0.496737 3327.281000
0.497062 3329.924000
0.497205 3332.724000
0.493707 3335.591000
0.487454 3338.322000
0.478101 3341.102000
0.457569 3345.416000
0.442343 3348.271000
0.428491 3350.896000
0.418741 3353.674000
0.412906 3356.688000
0.409993 3359.304000
0.408217 3362.110000
0.406945 3366.317000
0.406559 3369.129000
0.407890 3372.061000
0.412545 3374.715000
0.420503 3377.539000
0.431737 3380.443000
0.445304 3383.170000
0.457905 3387.398000
0.462136 3390.223000
0.464412 3393.055000
0.465691 3395.863000
0.468844 3398.681000
0.475216 3401.517000
0.484688 3404.402000
0.496624 3407.136000
0.509781 3410.066000
0.518950 3414.224000
0.522052 3417.151000
0.523678 3419.880000
0.524717 3422.711000
0.525241 3425.667000
0.525451 3428.479000
0.525599 3431.184000
0.522028 3434.118000
0.511192 3438.312000
0.500121 3441.186000
0.488738 3443.948000
0.481956 3446.958000
0.478591 3449.677000
0.476505 3452.460000
0.475186 3455.304000
0.474627 3458.222000
0.474114 3462.523000
0.473941 3465.379000
0.471713 3468.228000
0.466429 3471.018000
0.458229 3473.823000
0.448845 3476.701000
0.443539 3479.571000
0.440598 3482.480000
0.439085 3485.232000
0.438074 3488.120000
0.437627 3491.036000
0.437166 3495.213000
0.438615 3498.153000
0.443612 3500.926000
0.451638 3503.789000
0.462595 3506.640000
0.477108 3509.621000
0.491412 3512.399000
0.506266 3515.259000
0.519658 3518.185000
0.526935 3521.069000
0.532576 3525.465000
0.534263 3528.299000
0.535312 3531.173000
0.535841 3534.059000
0.536189 3536.911000
0.536220 3539.786000
0.536284 3542.547000
0.532842 3545.392000
0.526228 3548.300000
0.516710 3551.174000
0.510047 3554.031000
0.505867 3557.052000
0.503108 3561.412000
0.502229 3564.259000
0.501776 3567.185000
0.501401 3570.034000
0.501266 3572.806000
0.500299 3576.015000
0.496793 3578.593000
0.489975 3581.461000
0.482224 3584.343000
0.477790 3587.273000
0.476244 3590.422000
0.478511 3593.186000
0.479799 3597.583000
0.476492 3600.368000
0.469957 3603.313000
0.460052 3606.336000
0.452815 3608.134000
0.439694 3611.956000
0.436693 3614.831000
0.439070 3617.800000
0.444662 3620.858000
0.452284 3623.553000
0.463440 3626.459000
0.477478 3629.348000
0.494142 3632.606000
0.507192 3635.166000
0.524028 3638.469000
0.539371 3641.439000
0.550537 3645.412000
0.554878 3648.313000
0.556931 3651.242000
0.558248 3654.159000
0.559203 3657.492000
0.559518 3660.163000
0.556247 3663.016000
0.550167 3665.820000
0.540346 3668.866000
0.530331 3671.790000
0.524658 3674.709000
0.521567 3677.579000
0.519826 3680.506000
0.518605 3683.427000
0.517213 3686.351000
0.512776 3689.426000
0.505757 3692.291000
0.495913 3695.151000
0.481961 3698.225000
0.467643 3701.039000
0.452316 3704.083000
0.437381 3707.036000
0.417104 3711.418000
0.410084 3714.269000
0.405923 3717.213000
0.403615 3720.212000
0.402348 3723.107000
0.401600 3726.057000
0.401167 3729.381000
0.404140 3731.939000
0.410544 3734.914000
0.419894 3737.864000
0.432083 3740.811000
0.447198 3743.847000
0.460812 3746.975000
0.467504 3749.707000
0.471574 3752.643000
0.473984 3755.764000
0.475232 3758.583000
0.475937 3761.522000
0.476405 3764.482000
0.475137 3767.554000
0.470342 3770.399000
0.460994 3773.856000
0.456534 3776.318000
0.453032 3779.446000
0.451338 3782.287000
0.450357 3785.254000
0.449795 3788.296000
0.449455 3791.196000
0.449339 3794.188000
0.452919 3797.231000
0.459689 3800.294000
0.468633 3803.107000
0.479435 3806.189000
0.485273 3809.252000
0.488341 3812.045000
0.490280 3815.048000
0.491258 3818.017000
0.491836 3821.012000
0.488719 3825.458000
0.485674 3827.105000
0.472959 3831.536000
0.463304 3834.416000
0.459487 3836.142000
0.454189 3840.539000
0.453024 3842.077000
0.451747 3845.054000
0.451003 3848.034000
0.450563 3851.035000
0.450230 3855.405000
0.453962 3858.504000
0.460269 3861.380000
0.465171 3863.068000
0.484444 3867.922000
0.497103 3870.469000
0.502741 3872.002000
0.510136 3875.039000
0.515340 3879.419000
0.516471 3881.114000
0.517659 3884.036000
0.518670 3888.455000
0.518937 3891.462000
0.519200 3894.474000
0.519266 3897.503000
0.519293 3899.002000
0.519344 3902.138000
0.515800 3905.112000
0.509140 3908.101000
0.499557 3911.108000
0.492818 3914.091000
0.489010 3917.114000
0.486661 3920.284000
0.485531 3923.279000
0.484845 3926.283000
0.484471 3929.366000
0.484270 3932.331000
0.484064 3935.360000
0.484023 3938.272000
0.484006 3941.331000
0.483981 3944.336000
0.483994 3947.373000
0.484036 3950.456000
0.483993 3953.437000
0.483186 3956.441000
0.479380 3959.660000
0.472857 3962.547000
0.462996 3965.708000
0.450940 3968.614000
0.442102 3971.671000
0.437109 3974.707000
0.434412 3977.750000
0.432766 3980.896000
0.431910 3983.841000
0.430646 3986.862000
0.425920 3990.191000
0.419265 3992.983000
0.408880 3996.085000
0.397640 3999.239000
0.391641 4002.232000
0.388203 4005.305000
0.388965 4008.390000
0.392690 4011.367000
0.399354 4014.429000
0.408942 4017.453000
0.415051 4019.022000
0.429028 4022.051000
0.440086 4025.548000
0.444958 4028.259000
0.447938 4031.327000
0.449751 4034.388000
0.453493 4037.433000
0.460813 4040.757000
0.469655 4043.569000
0.482248 4046.595000
0.491077 4049.681000
0.495940 4052.797000
0.499020 4056.065000
0.500355 4058.829000
0.499761 4062.123000
0.495659 4065.046000
0.488595 4068.105000
0.478671 4071.115000
0.471331 4074.232000
0.467411 4077.295000
0.464945 4080.601000
0.463828 4083.460000
0.463010 4086.549000
0.462854 4088.197000
0.462649 4091.183000
0.462410 4094.269000
0.462323 4097.440000
0.462316 4100.430000
0.462185 4103.524000
0.462197 4106.620000
0.462209 4109.703000
0.462198 4112.917000
0.462211 4116.047000
0.462159 4119.097000
0.462142 4122.202000
0.462243 4125.318000
0.462146 4128.396000
0.462258 4131.524000
0.462230 4133.102000
0.462146 4136.154000
0.462124 4139.265000
0.462213 4142.488000
0.462168 4145.439000
0.462152 4148.445000
0.462241 4151.703000
0.462214 4154.657000
0.462142 4157.769000
0.462259 4161.027000
0.462107 4164.098000
0.462152 4167.111000
0.462129 4170.216000
0.462131 4173.333000
0.462175 4176.581000
0.462187 4178.109000
0.462124 4181.124000
0.462146 4184.249000
0.462101 4187.471000
0.462236 4190.615000
0.462191 4193.757000
0.462153 4196.886000
0.462185 4199.999000
0.462112 4202.998000
0.462202 4206.285000
0.462112 4209.384000
0.462170 4212.384000
0.462198 4214.079000
0.462231 4217.147000
0.462191 4220.262000
0.462208 4223.352000
0.462152 4226.477000
0.462185 4229.612000
0.462265 4232.794000
0.462131 4235.906000
0.462142 4239.243000
0.462124 4242.273000
0.462124 4245.412000
0.462101 4248.476000
0.462129 4250.043000
0.462191 4253.169000
0.462164 4256.352000
0.462164 4259.463000
0.462164 4262.719000
0.462208 4265.882000
0.462174 4268.907000
0.462129 4272.072000
0.462135 4275.238000
0.462135 4278.382000
0.462265 4281.519000
0.462265 4283.101000
0.462236 4286.276000
0.462191 4289.522000
0.462129 4292.573000
0.462118 4295.741000
0.462135 4298.895000
0.462168 4302.169000
0.462153 4305.204000
0.462157 4307.091000
0.462187 4311.610000
0.462226 4313.246000
0.462164 4316.479000
0.462252 4319.577000
0.462230 4322.641000
0.462230 4325.912000
0.462157 4329.097000
0.462230 4332.153000
0.462191 4335.330000
0.462119 4338.501000
0.462270 4340.128000
0.462153 4343.383000
0.462265 4346.548000
0.462213 4349.721000
0.462135 4352.912000
0.465868 4356.057000
0.472957 4359.446000
0.482317 4362.442000
0.488810 4365.530000
0.490986 4367.150000
0.493915 4370.307000
0.495548 4373.499000
0.496554 4376.821000
0.493518 4380.045000
0.487840 4383.145000
0.479171 4386.239000
0.467111 4389.487000
0.460093 4391.071000
0.447271 4394.212000
0.439837 4397.452000
0.435713 4400.645000
0.433282 4403.968000
0.431917 4407.188000
0.431186 4410.355000
0.430930 4412.000000
0.430688 4415.161000
0.430507 4418.513000
0.430408 4421.617000
0.430345 4424.772000
0.430347 4427.885000
0.430282 4431.063000
0.430287 4434.274000
0.430234 4437.486000
0.430318 4439.093000
0.430277 4442.304000
0.430252 4445.549000
0.430251 4448.733000
0.430242 4451.941000
0.430303 4455.154000
0.431831 4458.477000
0.434111 4460.108000
0.440578 4463.206000
0.450184 4466.407000
0.463009 4469.693000
0.477484 4472.841000
0.489802 4475.518000
0.507793 4479.420000
0.520278 4482.519000
0.524543 4484.137000
0.529249 4487.358000
0.528166 4490.598000
0.522949 4494.042000
0.515260 4497.158000
0.504145 4500.484000
0.497831 4502.057000
0.483770 4505.146000
0.474068 4508.397000
0.468266 4511.781000
0.465395 4514.878000
0.463667 4518.119000
0.465934 4521.423000
0.471039 4524.609000
0.474646 4526.213000
0.484206 4529.422000
0.497208 4532.749000
0.511999 4535.998000
0.524788 4539.166000
0.532383 4542.908000
0.533233 4544.123000
0.531695 4547.300000
0.527282 4550.563000
0.519928 4553.808000
0.509318 4557.127000
0.496145 4560.312000
0.483201 4563.544000
0.478947 4565.176000
0.473463 4568.473000
0.470285 4571.783000
0.468541 4574.987000
0.467547 4578.264000
0.467010 4581.563000
0.466826 4583.162000
0.466689 4586.459000
0.465454 4590.223000
0.462101 4592.914000
0.455403 4596.140000
0.450456 4599.418000
0.448726 4601.131000
0.446700 4604.363000
0.445366 4607.841000
0.444816 4610.968000
0.446251 4613.006000
0.453698 4617.419000
0.457833 4619.063000
0.468497 4622.364000
0.483381 4625.954000
0.497007 4628.946000
0.506555 4632.151000
0.512330 4635.625000
0.513947 4637.218000
0.516229 4640.406000
0.515790 4644.642000
0.514569 4646.023000
0.506792 4650.223000
0.496725 4653.619000
0.489987 4655.474000
0.477394 4658.426000
0.461915 4661.832000
0.451537 4665.397000
0.446418 4668.471000
0.444690 4670.112000
0.442370 4673.409000
0.441191 4676.542000
0.440364 4679.947000
0.439948 4683.282000
0.439714 4686.548000
0.439649 4688.110000
0.439527 4691.378000
0.439525 4694.822000
0.439469 4698.010000
0.439463 4701.284000
0.443112 4704.574000
0.446155 4706.209000
0.454319 4709.520000
0.465260 4712.825000
0.479816 4716.225000
0.494353 4719.463000
0.499904 4721.122000
0.507222 4724.431000
0.511376 4727.741000
0.510303 4731.165000
