0.500000 -96.666660
0.500000 -93.327670
0.500000 -93.126980
0.500000 -90.880980
0.500000 -87.832760
0.500000 -84.983020
0.500000 -81.884470
0.500000 -78.976490
0.500000 -75.956600
0.500000 -72.968160
0.500001 -69.787100
0.500000 -66.984920
0.500000 -63.921880
0.500000 -60.820420
0.500000 -57.836780
0.500000 -54.981180
0.499999 -51.725680
0.499999 -48.779050
0.500001 -45.849720
0.500000 -42.890000
0.500001 -39.955210
0.500000 -36.997160
0.500000 -33.820900
0.500000 -30.939060
0.500000 -27.917590
0.500000 -24.828450
0.499999 -21.823170
0.499999 -18.783240
0.500000 -15.872120
0.500001 -12.802280
0.500001 -9.791672
0.499999 -6.594795
0.500000 -3.962097
0.500000 -0.978355
0.500000 2.273514
0.499999 5.138947
0.500001 8.051392
0.499999 11.079910
0.500001 14.228840
0.500000 17.207600
0.500001 20.009070
0.499999 23.005520
0.500002 26.346330
0.500000 29.032210
0.500000 32.050520
0.500001 35.333390
0.500001 38.220760
0.499998 41.060760
0.499998 44.188930
0.500000 47.346500
0.500001 50.036700
0.499998 53.099140
0.500001 56.213500
0.499998 59.297500
0.500000 62.269640
0.499996 65.196440
0.499995 68.212110
0.499998 71.337450
0.499999 74.004330
0.500000 77.050400
0.499998 80.180240
0.500003 83.244740
0.500002 86.110200
0.500004 89.157100
0.499993 92.350620
0.500001 95.300190
0.499995 98.080220
0.499996 101.340800
0.500001 104.220600
0.499992 107.139800
0.500000 110.054100
0.499997 113.313600
0.499999 116.416900
0.500002 119.324100
0.499995 122.340100
0.500004 125.102300
0.500004 128.010800
0.499999 131.094000
0.499997 134.178700
0.500000 137.142100
0.499999 140.041500
0.500004 143.090800
0.500001 146.238500
0.499999 149.011800
0.499996 152.170900
0.499997 155.114400
0.500000 158.212000
0.499997 161.409800
0.500005 164.419300
0.499995 167.175000
0.500002 170.381200
0.499996 173.307200
0.500000 176.262800
0.500002 179.055700
0.500002 182.357400
0.499998 185.366400
0.499998 188.417500
0.500000 191.205800
0.499999 194.205700
0.499993 197.315600
0.500001 200.109500
0.499997 203.137100
0.499993 206.207900
0.500004 209.413600
0.499996 212.226000
0.500002 215.289400
0.500000 218.001900
0.499995 221.060200
0.500002 224.354700
0.499997 227.222700
0.500000 230.372800
0.500005 233.109500
0.500005 236.224500
0.500000 239.441400
0.499995 242.549700
0.499996 245.307600
0.500008 248.056400
0.500004 251.311800
0.500006 254.025100
0.499987 257.356600
0.500003 260.135400
0.500003 263.361300
0.500009 266.170700
0.499984 269.022700
0.500001 272.322000
0.500004 275.562200
0.500000 278.062200
0.500004 281.320600
0.500004 284.194600
0.500010 287.066500
0.500002 290.171100
0.499991 293.235700
0.499996 296.249800
0.500006 299.188400
0.499995 302.292800
0.499991 305.038300
0.499991 308.081800
0.500005 311.455800
0.499994 314.010800
0.500007 317.496400
0.500003 320.366400
0.500007 323.361200
0.500019 326.370700
0.500007 329.399700
0.500011 332.450900
0.499996 335.257300
0.499992 338.209200
0.500007 341.132200
0.499999 344.085800
0.500002 347.022400
0.499999 350.232900
0.499998 353.285900
0.500001 356.400800
0.499998 359.184600
0.500005 362.869100
0.499993 365.215500
0.500006 368.421800
0.499986 371.626000
0.500009 374.229600
0.500009 377.231200
0.499992 380.140700
0.499986 383.107900
0.499984 386.288400
0.499990 389.516100
0.499999 392.276600
0.500001 395.238900
0.500000 398.071800
0.500002 401.582600
0.499985 404.531300
0.500007 407.241600
0.499987 410.089700
0.499995 413.135500
0.500005 416.455600
0.499995 419.213200
0.500004 422.114100
0.500010 425.157000
0.499997 428.062300
0.500011 431.231300
0.500004 434.099400
0.500002 437.044400
0.500003 440.700800
0.500002 443.502400
0.500013 446.254000
0.500009 449.054400
0.500000 452.425600
0.500004 455.335500
0.500006 458.119500
0.499988 461.453800
0.500002 464.290500
0.500013 467.296800
0.500007 470.111900
0.500009 473.445400
0.499988 476.340500
0.500000 479.160700
0.500009 482.225100
0.499997 485.811600
0.500012 488.389100
0.499989 491.284300
0.500003 494.187600
0.500013 497.181800
0.500012 500.002900
0.500003 503.618100
0.500001 506.548600
0.500017 509.385300
0.500019 512.327800
0.500021 515.306600
0.500001 519.210800
0.499992 521.911600
0.500009 524.175500
0.500033 527.178700
0.499991 530.343200
0.499992 533.180200
0.500000 536.282300
0.499995 539.387500
0.500001 542.151700
0.500005 545.911500
0.500011 549.042700
0.500004 551.267800
0.500016 554.126500
0.500010 557.280300
0.500018 560.363600
0.499976 563.421600
0.500006 566.478900
0.499984 569.290600
0.499970 572.694000
0.500018 575.163500
0.500012 579.100500
0.500020 581.197800
0.500010 584.850000
0.500018 587.264400
0.500018 590.604600
0.500010 593.033200
0.499995 596.238300
0.500013 599.361500
0.499998 602.424800
0.499970 605.182100
0.500022 608.482400
0.500000 611.202900
0.500009 614.278900
0.499985 617.516500
0.500019 620.007200
0.500012 623.560800
0.500004 626.213800
0.500019 629.299400
0.500021 632.199300
0.500012 635.237500
0.500002 638.438000
0.500008 641.158100
0.500004 644.259600
0.500008 647.450400
0.500009 650.932400
0.500004 653.243500
0.499992 656.583100
0.500010 659.151700
0.499996 662.128000
0.500018 665.342200
0.500012 668.242600
0.499997 671.537500
0.499994 674.374000
0.500008 677.367100
0.500018 680.018700
0.499990 683.317600
0.499990 686.958900
0.500025 689.278600
0.499978 692.535400
0.500001 695.302000
0.500002 698.595800
0.499983 701.290200
0.499995 704.050200
0.499997 707.358500
0.500009 710.580500
0.500006 713.312700
0.499995 716.616100
0.500003 719.020400
0.500019 722.368000
0.499999 725.357800
0.499996 728.146500
0.499995 731.247600
0.500004 734.208100
0.499999 737.676000
0.500013 740.508400
0.500027 743.707200
0.500003 746.449600
0.500005 749.213400
0.500001 752.066000
0.500009 755.113100
0.500004 758.149500
0.499987 761.926800
0.499989 764.480700
0.500002 767.354000
0.500006 770.619600
0.499988 773.419700
0.500008 776.161900
0.499980 779.011800
0.499968 782.436800
0.500023 785.224200
0.500013 788.025100
0.500005 791.543900
0.500028 794.723100
0.499985 797.441000
0.499995 800.036300
0.499998 803.021400
0.500007 806.030800
0.500014 809.230000
0.500014 812.121300
0.500008 815.068200
0.500003 818.610000
0.499980 821.103300
0.499995 824.150000
0.500015 827.632000
0.500002 830.217300
0.500032 833.527800
0.500009 836.460000
0.500034 839.269800
0.500012 842.794000
0.500024 845.008200
0.500004 848.635100
0.499990 851.536300
0.500031 854.489700
0.499995 857.385100
0.499997 860.299400
0.500001 863.261400
0.499977 866.257300
0.499993 869.086700
0.500024 872.080000
0.499993 875.691800
0.500001 878.598400
0.499999 881.856100
0.500027 884.290800
0.500027 887.203900
0.499990 890.406300
0.500009 893.365700
0.499994 896.337900
0.499995 899.315900
0.500011 902.287200
0.500023 905.266000
0.499995 908.254900
0.500009 911.253800
0.500004 914.436500
0.500007 917.334900
0.500010 920.239000
0.500008 923.247900
0.500000 926.283100
0.500005 929.294200
0.500004 932.302900
0.499999 935.340900
0.499996 938.421000
0.500009 941.407200
0.500010 944.516000
0.500007 947.558500
0.499994 950.778300
0.499996 953.795800
0.500025 956.744600
0.499999 959.785900
0.500009 962.281500
0.500004 965.037400
0.500012 968.445300
0.499994 971.410600
0.500029 974.304100
0.499997 977.409400
0.500007 980.763700
0.500004 984.392600
0.499997 986.038000
0.500000 989.074100
0.500002 992.313100
0.500022 995.184400
0.500007 998.321900
0.500009 1001.468000
0.499991 1004.728000
0.500019 1007.480000
0.500002 1010.273000
0.499986 1013.501000
0.499989 1016.322000
0.500000 1019.457000
0.500012 1022.601000
0.500000 1025.740000
0.500020 1028.436000
0.500009 1031.266000
0.500005 1034.428000
0.500019 1037.621000
0.500007 1040.773000
0.500015 1043.383000
0.500025 1046.297000
0.499984 1049.258000
0.500002 1052.626000
0.500007 1055.525000
0.500005 1059.094000
0.499981 1061.460000
0.500002 1064.727000
0.499991 1067.007000
0.499999 1070.290000
0.499992 1073.172000
0.499999 1076.647000
0.499992 1079.066000
0.500012 1082.311000
0.500014 1085.844000
0.500014 1089.239000
0.499996 1092.501000
0.499976 1094.067000
0.500017 1097.710000
0.499982 1100.140000
0.499986 1103.430000
0.500009 1106.718000
0.500007 1109.154000
0.500007 1112.389000
0.500002 1115.724000
0.500005 1118.005000
0.499997 1121.284000
0.500017 1124.563000
0.500000 1127.273000
0.500012 1130.445000
0.499982 1133.590000
0.500000 1136.062000
0.500025 1139.362000
0.499961 1142.958000
0.499986 1145.177000
0.500048 1148.474000
0.500015 1151.165000
0.499991 1154.448000
0.499963 1158.042000
0.499992 1160.290000
0.500029 1164.270000
0.500004 1166.568000
0.499953 1169.814000
0.500065 1172.382000
0.500022 1175.063000
0.500032 1178.453000
0.499948 1181.808000
0.500052 1184.352000
0.500005 1187.626000
0.500032 1190.146000
0.499999 1193.550000
0.500058 1196.802000
0.500053 1199.447000
0.500002 1202.807000
0.499961 1205.667000
0.500058 1208.255000
0.500024 1211.283000
0.499999 1214.645000
0.500010 1218.365000
0.500015 1220.102000
0.500005 1223.468000
0.500027 1226.559000
0.500002 1229.118000
0.499989 1232.473000
0.499972 1235.069000
0.499987 1238.436000
0.500004 1241.000000
0.500004 1244.438000
0.499991 1247.016000
0.499994 1250.882000
0.499989 1253.214000
0.500014 1256.224000
0.500043 1259.057000
0.500009 1262.500000
0.500040 1265.130000
0.499986 1268.592000
0.500053 1271.176000
0.499982 1274.615000
0.499997 1277.198000
0.500035 1280.760000
0.499971 1283.232000
0.500000 1286.024000
0.500005 1289.102000
0.499991 1292.101000
0.499999 1295.445000
0.499999 1298.248000
0.499997 1301.564000
0.499972 1304.908000
0.499966 1307.631000
0.500005 1310.246000
0.500024 1313.757000
0.500037 1316.397000
0.500002 1319.050000
0.499968 1322.276000
0.500057 1327.137000
0.500004 1329.270000
0.500040 1331.517000
0.500009 1335.884000
0.500019 1337.508000
0.500015 1340.204000
0.499989 1343.727000
0.500012 1346.352000
