0.500000 -96.666660
0.500000 -93.327670
0.500000 -93.126980
0.500000 -90.774700
0.500000 -87.891100
0.500000 -84.704780
0.500000 -81.549380
0.500000 -78.894750
0.500000 -75.682720
0.500000 -72.982260
0.500000 -69.713870
0.500000 -66.966960
0.498910 -63.642770
0.477124 -60.849360
0.418299 -57.469430
0.385065 -54.629520
0.384529 -51.768540
0.412962 -48.886430
0.464641 -45.983220
0.516215 -42.471470
0.526730 -39.521790
0.529226 -36.550940
0.529819 -33.559010
0.529958 -30.545940
0.529991 -27.511740
0.530000 -24.456450
0.530002 -21.996960
0.530003 -18.903640
0.508216 -15.789180
0.476760 -12.653570
0.468348 -9.496910
0.466558 -6.956314
0.462580 -3.761581
0.452255 -0.545761
0.450059 2.042122
0.449282 5.296005
0.449098 8.571014
0.449060 11.206220
0.449046 14.519200
0.451220 17.184830
0.478451 20.535850
0.502282 23.231880
0.497549 26.620930
0.471538 29.347410
0.438459 32.087360
0.425183 35.531330
0.422360 38.301730
0.421466 41.085630
0.421150 44.584530
0.421084 47.398850
0.421063 50.226670
0.421056 53.068050
0.421053 56.638730
0.410158 59.462070
0.372030 62.253560
0.357000 65.144440
0.426088 68.016310
0.545916 71.028310
0.598545 74.130840
0.652735 77.205380
0.598936 80.041840
0.536030 83.268940
0.533782 86.401140
0.533579 89.434620
0.530276 92.425800
0.510643 95.122090
0.462692 98.300980
0.397333 101.164100
0.367924 104.146400
0.379709 107.293800
0.476781 110.212800
0.585712 113.070700
0.705547 116.211800
0.746659 119.086200
0.749019 122.276600
0.749110 125.205400
0.749116 128.162100
0.749994 131.146700
0.749994 134.159400
0.690081 137.200300
0.619646 140.269400
0.614265 143.055600
0.651708 146.178200
0.748538 149.012600
0.750000 152.188600
0.749997 155.071200
0.749990 158.300800
0.727120 161.231600
0.646511 164.452300
0.592043 167.012800
0.526678 170.641300
0.490596 173.397300
0.478029 176.422900
0.485525 179.718100
0.502581 182.366300
0.529446 185.166200
0.562124 188.117700
0.594809 191.165000
0.638377 194.621000
0.660724 197.360200
0.669971 200.145200
0.694223 203.359700
0.673861 206.166000
0.594059 209.150000
0.520700 212.037000
0.521072 215.248800
0.580978 218.097000
0.632554 221.195500
0.643070 224.240800
0.645562 227.430000
0.646148 230.086800
0.646318 233.265800
0.646330 236.124100
0.669215 239.217200
0.686868 242.237100
0.679026 245.235700
0.609138 248.235500
0.560494 251.245900
0.555264 254.271400
0.554741 257.313400
0.554687 260.373000
0.554682 263.064600
0.554675 266.157700
0.554675 269.268500
0.524175 272.005300
0.503592 275.150000
0.501533 278.312700
0.539121 281.094900
0.603798 284.291400
0.612758 287.103100
0.613991 290.333500
0.598902 293.174800
0.567378 296.029900
0.562499 299.309900
0.562035 302.194500
0.561974 305.109600
0.561964 308.052300
0.561970 311.601500
0.561959 314.491000
0.561966 317.062400
0.561965 320.370600
0.561963 323.066500
0.558693 326.137400
0.512942 329.175300
0.457834 332.211000
0.448872 335.343700
0.447815 338.015100
0.447573 341.107700
0.447510 344.621500
0.447497 347.735700
0.447493 350.248400
0.447493 353.834400
0.447492 356.700900
0.447496 359.719000
0.446404 362.888700
0.440957 365.086000
0.424622 368.508400
0.401748 372.082400
0.393168 374.549300
0.388345 377.083700
0.384760 381.011600
0.383615 383.694500
0.382969 386.290800
0.391944 389.601100
0.410726 392.381400
0.450203 395.507700
0.493779 398.182700
0.548244 401.125200
0.602712 404.051000
0.657170 407.397900
0.700757 410.378700
0.741605 413.629200
0.750003 416.243900
0.749992 419.010300
0.749988 422.934600
0.749986 426.054700
0.749993 428.219100
0.749990 431.591900
0.749994 435.116300
0.749981 437.550200
0.749995 440.051500
0.748906 443.830600
0.743458 446.036300
0.719489 449.771900
0.690080 452.141700
0.649401 455.552100
0.638886 458.534400
0.636393 461.266700
0.635759 464.360500
0.635637 467.459500
0.635616 470.457300
0.635609 473.158800
0.637789 476.129900
0.657407 479.370500
0.694427 482.880700
0.713320 485.628300
0.721288 488.075100
0.723703 491.596100
0.706552 494.084400
0.691948 497.495400
