0.500000 -96.666660
0.500000 -93.327670
0.500000 -93.126980
0.500000 -90.940370
0.500000 -87.834160
0.500000 -84.996480
0.500000 -81.902460
0.500000 -78.916080
0.500000 -75.857600
0.522876 -72.967580
0.603488 -69.597320
0.636721 -66.943310
0.637258 -63.953400
0.608825 -60.919240
0.557145 -57.863920
0.502678 -54.787490
0.469445 -51.689890
0.463464 -48.571210
0.485245 -45.431430
0.522278 -42.904390
0.554481 -39.726550
0.540422 -36.527630
0.511904 -33.953270
0.497356 -30.716290
0.493905 -27.458210
0.502635 -24.836520
0.539421 -21.540380
0.582725 -18.888320
0.637193 -15.554160
0.680767 -12.871670
0.735235 -9.499519
0.746731 -6.786613
0.719495 -3.376427
0.679190 -0.633041
0.635617 2.123787
0.581150 5.588898
0.537575 8.376175
0.515788 11.176980
0.526682 14.697010
0.541574 17.528240
0.546288 20.372960
0.542613 23.231230
0.520282 26.103030
0.470311 29.711720
0.440524 32.613860
0.431099 35.529600
0.428117 38.458830
0.427174 41.401570
0.426876 44.357850
0.426780 47.327620
0.426751 50.310940
0.426741 53.307740
0.415842 56.267360
0.380976 59.193160
0.363982 62.222550
0.376409 65.230710
0.473414 68.107970
0.535503 71.093170
0.562430 74.039440
0.657846 77.266890
0.592193 80.253950
0.472368 83.273040
0.411365 86.046660
0.407190 89.295610
0.407030 92.203170
0.407009 95.352460
0.407005 98.440220
0.407005 101.213700
0.400469 104.072500
0.379494 107.397000
0.375013 110.377500
0.411760 113.218700
0.508366 116.112400
0.617301 119.196000
0.718746 122.247000
0.713532 125.304900
0.697760 128.074600
0.749998 131.176200
0.749994 134.304900
0.709485 137.144800
0.710849 140.006900
0.749995 143.214000
0.710783 146.124400
0.613831 149.057700
0.529576 152.262300
0.518240 155.090500
0.512779 158.525300
0.492135 161.152200
0.454321 164.048600
0.410748 167.214600
0.367174 170.650100
0.334492 173.403700
0.301813 176.308900
0.279362 179.281300
0.279351 182.536200
0.285892 185.144900
0.328376 188.314100
0.393735 191.570600
0.437311 194.078600
0.491781 197.592700
0.535351 200.707200
0.560404 203.220100
0.563676 206.806400
0.552238 209.673000
0.530997 212.691300
0.503629 215.849100
0.482898 219.038300
0.463625 221.168700
0.430947 224.370700
0.398264 227.580300
0.365587 230.725300
0.332905 233.369600
0.292056 236.258500
0.279361 239.195500
0.279364 242.134600
0.279365 245.135600
0.279367 248.300800
0.299791 251.349100
0.302242 254.357400
0.279359 257.358800
0.279365 260.367400
0.295705 263.010800
0.338522 266.046800
0.344105 269.099900
0.367951 272.170600
0.448913 275.259100
0.533341 278.415300
0.545869 281.157700
0.504586 284.186000
0.510196 287.080100
0.584221 290.320500
0.660483 293.136500
0.726390 296.354400
0.735359 299.177700
0.715464 302.011900
0.657659 305.266200
0.648903 308.127800
0.630709 311.002900
0.617309 314.305500
0.654473 317.209900
0.644793 320.128200
0.581074 323.060200
0.534354 326.105400
0.530011 329.287500
0.554177 332.402600
0.592635 335.197800
0.636216 338.262700
0.679795 341.597200
0.704987 344.274900
0.715598 347.104300
0.720096 350.085300
0.721984 353.218000
0.722784 356.502200
0.729898 359.938200
0.740092 362.313000
0.749994 366.001700
0.750014 368.545000
0.743476 371.913000
0.727134 374.725000
0.700984 377.132500
0.646509 380.531700
0.599529 383.534600
0.586963 386.161400
0.582992 389.057800
0.569646 392.223800
0.553073 395.659300
0.548646 398.412800
0.546770 401.318100
0.545980 404.374900
0.550991 407.583300
0.566907 410.943400
0.582958 413.267700
0.614260 416.880600
0.636048 419.373400
0.668724 423.238900
0.690504 425.900200
0.712310 428.615700
0.734091 431.337500
0.749995 434.062700
0.750008 438.156900
0.749995 440.890600
0.749994 443.627600
0.749994 446.368000
0.750009 449.111800
0.749992 453.233800
0.746722 455.986100
0.739094 458.741800
0.727122 461.500900
0.710780 464.263300
0.690077 467.029000
0.657396 471.184000
0.635605 473.958200
0.613826 476.642800
0.581145 480.065400
0.559356 482.032600
0.518503 485.415700
0.501751 488.737500
0.497264 491.405800
0.495370 494.225700
0.496690 497.128500
0.515258 500.461200
0.551272 503.298800
0.605731 506.405300
0.645766 509.213900
0.634604 512.362900
0.599828 515.401700
0.592077 518.236400
0.590233 521.492300
0.604734 524.400300
0.636639 527.577800
0.653314 530.137900
0.659882 533.787200
0.651936 536.701200
0.645464 539.766700
0.642734 542.983800
0.641857 545.212800
0.641200 548.227000
0.640944 551.183200
0.640811 554.290800
0.640754 557.135400
0.640742 560.372000
0.640742 563.176800
0.640727 566.298900
0.640716 569.161700
0.640748 572.405000
0.640731 575.019700
0.640732 578.103500
0.640730 581.159200
0.640732 584.204900
0.640732 587.249800
0.634198 590.299200
0.606521 593.355700
0.599718 596.420600
0.598505 599.494800
0.598316 602.064100
0.598265 605.156400
0.598261 608.258700
0.598256 611.371000
0.620024 614.493300
0.667969 617.103000
