0.485143 -96.666660
0.500000 -93.327670
0.501783 -93.126980
0.559502 -90.819230
0.564612 -87.884000
0.557980 -84.861430
0.450194 -81.932610
0.425701 -78.932530
0.477703 -75.852230
0.438172 -72.883260
0.327128 -69.883430
0.332222 -66.816760
0.369478 -63.890250
0.453641 -60.903850
0.421474 -57.847980
0.325354 -54.991120
0.279654 -51.826560
0.316115 -48.870880
0.317818 -45.850620
0.329337 -42.760090
0.334124 -39.905880
0.334279 -36.991240
0.270782 -33.989620
0.242813 -30.780100
0.252387 -27.998970
0.314190 -24.896970
0.312750 -21.799510
0.242538 -18.890050
0.220958 -15.931480
0.274092 -12.712490
0.322634 -9.720802
0.325429 -6.953461
0.325589 -3.879791
0.285756 -0.806809
0.211536 2.037361
0.129331 5.220505
0.108816 8.112328
0.108814 11.066750
0.108819 14.046650
0.141916 17.010620
0.216367 20.036900
0.290681 23.085960
0.365009 26.163890
0.439379 29.271940
0.506306 32.093250
0.580692 35.255720
0.648255 38.153060
0.684399 41.021220
0.636822 44.266750
0.569654 47.218950
0.502588 50.189440
0.435875 53.167040
0.391089 56.176700
0.414649 59.314410
0.384088 62.253540
0.324576 65.004260
0.299206 68.162570
0.347174 71.213620
0.407109 74.029370
0.447393 77.197430
0.450927 80.008040
0.451294 83.225810
0.418874 86.090390
0.368625 89.002140
0.390164 92.284590
0.447259 95.179030
0.507490 98.162800
0.564290 101.085600
0.579666 104.119800
0.556880 107.132700
0.499289 110.132100
0.449220 113.171700
0.440972 116.184800
0.440111 119.257900
0.440027 122.401500
0.440020 125.108900
0.440016 128.232700
0.446835 131.385500
0.487432 134.124600
0.520735 137.295500
0.514951 140.116600
0.470714 143.347300
0.465158 146.160100
0.504672 149.369300
0.530653 152.249000
0.521028 155.133700
0.475680 158.194000
0.465684 161.282300
0.495125 164.199500
0.538132 167.181100
0.538361 170.061600
0.499536 173.114100
0.467854 176.442000
0.464442 179.418400
0.452325 182.004200
0.407349 185.003800
0.381736 188.001600
0.381475 191.038100
0.415606 194.089600
0.468563 197.208900
0.487216 200.251400
0.476507 203.324400
0.430560 206.473800
0.391024 209.146300
0.384913 212.245500
0.417121 215.391500
0.461739 218.100300
0.494335 221.292900
0.498692 224.002200
0.480380 227.202300
0.432909 230.419600
0.419036 233.218400
0.426071 236.428700
0.461617 239.248100
0.511112 242.472100
0.524937 245.281300
0.527407 248.101700
0.527873 251.396400
0.527941 254.286500
0.523654 257.238500
0.487899 260.449100
0.443571 263.303700
0.424846 266.227400
0.430500 269.076800
0.472251 272.535000
0.515956 275.391900
0.534449 278.345400
0.537664 281.249200
0.538232 284.203400
0.538347 287.186900
0.538354 290.125500
0.523898 293.098600
0.483729 296.092000
0.438082 299.159700
0.420422 302.106700
0.417147 305.148300
0.416572 308.151300
0.431432 311.202400
0.471486 314.249800
0.511590 317.293900
0.509892 320.444000
0.479043 323.513700
0.442430 326.048200
0.399728 329.146900
0.386151 332.217800
0.383681 335.388200
0.383253 338.472600
0.383182 341.152800
0.383165 344.271100
0.383161 347.436100
0.383154 350.030900
0.383163 353.207800
0.383160 356.395800
0.383157 359.111800
0.383161 362.298100
0.383155 365.485700
0.383159 368.165300
0.383160 371.404800
0.383160 374.105900
0.383157 377.358300
0.383154 380.109800
0.383156 383.396900
0.383160 386.128300
0.383161 389.418200
0.383164 392.168100
0.383167 395.434200
0.393422 398.197500
0.424036 401.040200
0.468381 404.356700
0.505430 407.134700
0.540463 410.485100
0.547531 413.257100
0.549230 416.067900
0.549673 419.452700
0.549754 422.298800
0.534935 425.146800
0.494874 428.551600
0.458108 431.369400
0.420980 434.221400
0.398073 437.141400
0.407644 440.573600
0.436445 443.414600
0.468793 446.339700
0.478138 449.193700
0.480439 452.093800
0.488640 455.010600
0.511808 458.501500
0.517042 461.419000
0.512063 464.343600
0.487466 467.292400
0.450624 470.233300
0.415386 473.176900
0.402433 476.160100
0.410610 479.108200
0.437310 482.077300
0.474554 485.061100
0.497518 488.102400
0.501450 491.074200
0.486761 494.036600
0.453607 497.083100
0.436735 500.105800
0.434015 503.123500
0.449630 506.108500
0.483403 509.190200
0.520067 512.192400
0.543082 515.256200
0.545504 518.309200
0.527595 521.440100
0.494048 524.447800
0.456967 527.518500
0.436055 530.041400
0.428962 533.085300
0.427239 536.187300
0.426835 539.302200
0.426748 542.402500
0.426725 545.592100
0.426723 548.020600
0.430506 551.258700
0.452162 554.299700
0.486563 557.430500
0.498318 560.020800
0.502273 563.182700
0.503237 566.288000
0.503493 569.468700
0.503515 572.062400
0.503552 575.195400
0.503553 578.386700
0.503552 581.596700
0.493053 584.194700
0.463782 587.368200
0.426372 590.610000
0.398718 593.171100
0.385899 596.405600
0.383171 599.020600
0.382222 602.294100
0.381986 605.553300
0.381941 608.161800
0.396608 611.411000
0.423752 614.190100
0.454039 617.317900
0.463412 620.558000
0.465482 623.193700
0.466179 626.492200
0.464737 629.194900
0.446544 632.489300
0.419229 635.126000
0.387448 638.422100
0.378830 641.101900
0.375820 644.427800
0.375167 647.120300
0.374932 650.474900
0.381336 653.127200
0.407482 656.519100
0.437528 659.242000
0.475109 662.654200
0.501949 665.258800
0.512720 668.038700
0.502092 671.407500
0.479989 674.150600
0.443604 677.497100
0.428177 680.241900
0.423207 683.022300
0.421515 686.454700
0.421165 689.191500
0.421051 692.621500
0.421007 695.388700
0.431498 698.129000
0.460768 701.550700
0.481476 704.304700
0.487950 707.087500
0.490220 710.591100
0.490702 713.349800
0.487358 716.128200
0.465270 719.643900
0.437781 722.496600
0.426664 725.234600
0.422976 728.043600
0.421661 731.619800
0.421389 734.379900
0.421297 737.277300
0.421270 740.089100
0.423128 743.042800
0.441137 746.404100
0.468680 749.262800
0.483903 752.098900
0.489365 755.731800
0.490502 758.523100
0.490867 761.385600
0.490982 764.255300
0.490990 767.180700
0.491037 770.018700
0.491037 773.599500
0.491025 776.559800
0.491015 779.378100
0.491054 782.333100
0.491039 785.203900
0.491052 788.072500
0.491031 791.712500
0.491025 794.624500
0.491045 797.559800
0.489623 800.460900
0.476186 803.399900
0.451252 806.320600
0.435968 809.262100
0.431128 812.206700
0.429588 815.153200
0.429114 818.102900
0.428959 821.061200
0.428914 824.015800
0.428899 827.817600
0.428893 830.688900
0.428897 833.662300
0.428895 836.658000
0.428900 839.625500
0.428881 842.607100
0.428881 845.678000
0.428912 848.664700
0.428895 851.668100
0.428887 854.683000
0.428882 857.621200
0.428891 860.653400
0.428911 863.655600
0.428886 866.756600
0.428880 869.718100
0.428887 872.785300
0.428891 875.018900
0.439567 878.145600
0.459084 881.097200
0.468325 884.162000
0.471231 887.224400
0.472140 890.287200
0.470960 893.341900
0.457571 896.474100
0.433113 899.470400
0.412278 902.662500
0.405971 905.698700
0.404258 908.021900
0.403354 911.499900
0.403088 914.229800
0.403010 917.298300
0.409512 920.381200
0.429139 923.514200
0.446802 926.549200
0.452803 929.764000
0.454316 932.050700
0.448655 935.226400
0.430870 938.303700
0.402775 941.397100
0.387091 944.615400
0.382274 947.753400
0.381000 950.109700
0.383781 953.196700
0.399519 956.363200
0.424443 959.528600
0.435573 962.678200
0.438551 965.063600
0.440078 968.292100
0.440534 971.412000
0.440701 974.603300
0.440735 977.048100
0.441569 980.308700
0.451581 983.354600
0.471645 986.543800
0.479728 989.045700
0.483623 992.270800
0.484833 995.451900
0.483581 998.774400
0.475244 1001.029000
0.453040 1004.287000
0.423820 1007.468000
0.395739 1010.718000
0.386181 1013.125000
0.381278 1016.360000
0.379728 1019.611000
0.379328 1022.048000
0.379132 1025.302000
0.379063 1028.560000
0.379051 1031.004000
0.379038 1034.299000
0.379026 1037.562000
0.380584 1040.067000
0.393722 1043.271000
0.413021 1046.597000
0.418795 1049.041000
0.421683 1052.328000
0.422614 1055.632000
0.422852 1058.087000
0.427378 1061.377000
0.443977 1064.697000
0.458360 1067.210000
0.465350 1070.569000
0.467198 1073.060000
0.468138 1076.305000
0.468408 1079.776000
0.468478 1082.139000
0.468496 1085.526000
0.468520 1088.943000
0.468536 1091.445000
0.468543 1094.810000
0.468522 1097.263000
0.468540 1100.605000
0.468540 1103.058000
0.468540 1106.497000
0.468543 1109.022000
0.468550 1112.327000
0.468543 1115.698000
0.468517 1118.240000
0.468534 1121.669000
0.468563 1124.165000
0.468536 1127.625000
0.468533 1130.101000
0.468524 1133.552000
0.468534 1136.061000
0.461934 1139.450000
0.448460 1142.025000
0.422967 1145.424000
0.411239 1148.979000
0.408214 1151.505000
0.406950 1154.005000
0.409712 1157.421000
0.425360 1160.857000
0.445391 1163.504000
0.462206 1166.054000
0.470759 1169.484000
0.473039 1172.079000
0.474181 1175.528000
0.474464 1178.125000
0.474619 1181.590000
0.474692 1184.286000
0.474682 1187.666000
0.474699 1190.266000
0.474715 1193.832000
0.474691 1196.394000
0.474706 1199.940000
0.474671 1202.470000
0.474684 1205.146000
0.474725 1208.728000
0.474731 1211.218000
0.464452 1214.726000
0.449217 1217.360000
0.438653 1220.060000
0.433603 1223.514000
0.432210 1226.156000
0.431536 1229.756000
0.431335 1232.396000
0.432800 1235.905000
0.441656 1238.571000
0.456819 1241.161000
0.475339 1244.768000
0.480093 1247.398000
0.482166 1250.052000
0.483218 1253.606000
0.481714 1256.491000
0.473437 1259.019000
0.452022 1262.520000
0.429770 1265.204000
0.409059 1268.785000
0.403596 1271.466000
0.401338 1274.152000
0.401824 1277.910000
0.409522 1280.422000
0.415758 1283.138000
0.421533 1286.766000
0.432952 1289.478000
0.450818 1292.154000
0.471667 1295.945000
0.476648 1298.461000
0.478961 1301.246000
0.480110 1304.862000
0.480409 1307.570000
0.474023 1310.291000
0.460787 1313.000000
0.433939 1316.583000
0.420654 1319.338000
0.415198 1322.068000
0.412497 1325.715000
0.411730 1328.456000
0.411457 1331.198000
0.411306 1334.858000
0.413070 1337.810000
0.421647 1340.408000
0.437880 1343.260000
0.449541 1346.757000
0.452798 1349.520000
0.454194 1352.282000
0.454721 1355.040000
0.455051 1358.840000
0.457074 1361.500000
0.466517 1364.400000
0.472823 1367.086000
0.476908 1370.068000
0.490394 1373.617000
0.502958 1376.436000
0.503128 1379.101000
0.490043 1382.822000
0.472533 1385.602000
0.450096 1388.413000
0.426806 1391.331000
0.406585 1395.154000
0.401585 1397.756000
0.402236 1400.626000
0.410332 1403.368000
0.425685 1406.271000
0.440347 1409.075000
0.447694 1412.829000
0.449645 1415.559000
0.450450 1418.427000
0.450821 1421.293000
0.450927 1424.068000
0.451048 1427.814000
0.451089 1430.714000
0.451063 1433.549000
0.451110 1436.311000
0.451094 1439.217000
0.451129 1442.064000
0.451095 1445.878000
0.451083 1448.749000
0.451100 1451.585000
0.453269 1454.398000
0.462067 1457.226000
0.472521 1460.110000
0.477630 1463.907000
0.479054 1466.841000
0.479597 1469.602000
0.479850 1472.596000
0.479967 1475.378000
0.473397 1478.237000
0.460011 1481.134000
0.434923 1484.922000
0.425169 1487.819000
0.421080 1490.708000
0.419323 1493.672000
0.418638 1496.493000
0.418294 1499.465000
0.419653 1502.332000
0.428446 1505.227000
0.445877 1508.454000
0.465428 1511.072000
0.480330 1514.894000
0.484429 1517.781000
0.486121 1520.711000
0.486899 1523.685000
0.487151 1526.617000
0.487339 1529.529000
0.487368 1532.473000
0.487400 1535.369000
0.487399 1538.338000
0.487422 1541.238000
0.487436 1544.495000
0.487418 1547.202000
0.487393 1550.959000
0.487428 1553.853000
0.487447 1556.802000
0.487428 1559.749000
0.487448 1562.698000
0.487410 1565.661000
0.487432 1568.700000
0.487476 1571.653000
0.487457 1574.548000
0.487414 1577.537000
0.487429 1580.551000
0.485898 1583.545000
0.477248 1586.388000
0.461143 1589.456000
0.440044 1592.369000
0.422493 1595.392000
0.415514 1598.305000
0.412373 1601.389000
0.411068 1604.440000
0.410557 1607.389000
0.410290 1610.503000
0.410192 1613.230000
0.410182 1616.232000
0.410169 1619.301000
0.410134 1622.227000
0.410167 1625.231000
0.411760 1628.325000
0.420391 1631.250000
0.435957 1634.254000
0.446676 1637.360000
0.451049 1640.380000
0.452861 1643.302000
0.453672 1646.323000
0.453940 1649.347000
0.454083 1652.372000
0.456325 1655.469000
0.465499 1658.515000
0.480996 1661.506000
0.491176 1664.502000
0.495573 1667.538000
0.497449 1670.668000
0.498225 1673.703000
0.498571 1676.751000
0.498678 1679.806000
0.498755 1682.816000
0.498765 1685.913000
0.498785 1688.973000
0.498826 1691.001000
0.498812 1694.074000
0.498802 1697.125000
0.499559 1700.249000
0.506595 1703.366000
0.519351 1706.266000
0.537443 1709.415000
0.546005 1712.431000
0.549688 1715.566000
0.551255 1718.623000
0.550288 1721.763000
0.542411 1724.697000
0.527101 1727.871000
0.505576 1731.011000
0.491179 1733.009000
0.474225 1736.055000
0.466704 1739.263000
0.463636 1742.362000
0.462317 1745.460000
0.461792 1748.477000
0.463138 1751.659000
0.471642 1754.724000
0.487378 1757.901000
0.515756 1761.971000
0.523504 1763.421000
0.532107 1766.231000
0.536190 1769.332000
0.537954 1772.449000
0.537228 1775.614000
0.529157 1778.666000
0.513969 1781.846000
0.493449 1784.885000
0.470478 1788.122000
0.461239 1790.116000
0.453836 1793.350000
0.450852 1796.402000
0.455320 1799.549000
0.466444 1802.700000
0.484137 1805.839000
0.501356 1809.004000
0.507036 1811.187000
0.510976 1814.267000
0.512694 1817.436000
0.513502 1820.590000
0.513814 1823.845000
0.507561 1826.906000
0.499494 1829.042000
0.481399 1832.304000
0.459463 1835.437000
0.446478 1838.650000
0.441207 1841.754000
0.440227 1845.147000
0.443638 1847.046000
0.455535 1850.413000
0.473448 1853.587000
0.495390 1856.731000
0.517029 1859.823000
0.539319 1863.017000
0.552166 1865.118000
0.562063 1868.410000
0.566121 1871.658000
0.567888 1874.875000
0.568579 1878.137000
0.568808 1880.112000
0.565387 1883.312000
0.554363 1886.548000
0.536396 1889.836000
0.514642 1892.977000
0.501126 1895.223000
0.491701 1898.357000
0.487491 1901.674000
0.487475 1905.149000
0.494140 1908.043000
0.502701 1910.192000
0.520419 1913.465000
0.542550 1916.680000
0.554917 1919.924000
0.556033 1922.071000
0.550433 1925.459000
0.538859 1928.590000
0.520335 1931.832000
0.505036 1934.065000
0.482749 1937.317000
0.460202 1940.608000
0.438306 1943.816000
0.423254 1946.019000
0.403183 1949.205000
0.393248 1952.529000
0.392269 1955.752000
0.400399 1959.059000
0.409489 1961.236000
0.429121 1964.596000
0.449397 1967.832000
0.456817 1970.062000
0.462331 1973.352000
0.467433 1976.611000
0.479052 1979.831000
0.491044 1982.091000
0.501564 1985.302000
0.506303 1988.725000
0.505258 1991.908000
0.500160 1994.140000
0.486560 1997.544000
0.467488 2000.739000
0.444886 2004.085000
0.430015 2006.302000
0.403995 2010.158000
0.389964 2012.919000
0.384520 2015.124000
0.383734 2018.462000
0.391668 2021.701000
0.406404 2025.025000
0.419936 2027.244000
0.432711 2030.648000
0.437799 2033.906000
0.436603 2036.175000
0.429282 2039.482000
0.415292 2042.804000
0.402272 2045.022000
0.381398 2048.423000
0.371618 2051.795000
0.367524 2055.163000
0.367820 2057.669000
0.374086 2060.716000
0.387269 2064.002000
0.399967 2066.252000
0.420426 2069.592000
0.430038 2073.271000
0.428892 2075.207000
0.420472 2078.570000
0.405254 2081.969000
0.391482 2084.208000
0.369264 2087.562000
0.356373 2090.941000
0.352247 2093.189000
0.349222 2096.568000
0.351106 2099.991000
0.356544 2102.182000
0.371094 2105.710000
0.390767 2108.977000
0.405688 2111.249000
0.427982 2114.641000
0.451252 2118.175000
0.463200 2120.273000
0.473025 2123.712000
0.476154 2126.037000
0.475398 2129.418000
0.467443 2132.774000
0.458399 2135.015000
0.438563 2138.521000
0.421482 2141.938000
0.415969 2144.246000
0.417052 2147.598000
0.425646 2151.007000
0.434922 2153.240000
0.454534 2156.658000
0.476950 2160.101000
0.486948 2162.409000
0.494315 2165.823000
0.496608 2168.117000
0.498401 2171.674000
0.499122 2175.200000
0.496123 2177.354000
0.487262 2180.772000
0.483688 2183.123000
0.487350 2186.529000
0.494168 2189.976000
0.496515 2192.383000
0.498061 2195.678000
0.498645 2198.006000
0.499047 2201.512000
0.499173 2204.999000
0.499261 2207.266000
0.503764 2210.813000
0.507442 2214.108000
0.508705 2216.434000
0.503798 2219.899000
0.496630 2222.214000
0.480471 2225.685000
0.468133 2228.070000
0.459032 2231.572000
0.455243 2235.093000
0.454057 2237.387000
0.453170 2240.788000
0.452854 2243.207000
0.450142 2246.831000
0.441548 2250.067000
0.433484 2252.407000
0.427506 2255.915000
0.425545 2258.319000
0.423313 2261.797000
0.418750 2264.064000
0.406115 2267.645000
0.397647 2271.143000
0.395009 2273.435000
0.393286 2276.142000
0.397780 2279.352000
0.409228 2282.882000
0.420774 2285.274000
0.441336 2288.971000
0.447946 2291.115000
0.453376 2294.641000
0.455659 2298.173000
0.453166 2300.459000
0.443657 2304.012000
0.433257 2306.446000
0.415343 2309.954000
0.408744 2312.274000
0.403608 2315.845000
0.404755 2318.173000
0.412107 2321.660000
0.420935 2324.048000
0.429453 2327.708000
0.430937 2330.317000
0.424956 2333.476000
0.416234 2337.104000
0.413417 2339.427000
0.413377 2342.273000
0.419857 2345.715000
0.432723 2349.152000
0.441929 2351.344000
0.449915 2355.106000
0.452342 2357.490000
0.454858 2360.941000
0.459841 2363.400000
0.473193 2367.032000
0.479522 2369.322000
0.484191 2372.755000
0.485871 2375.148000
0.486998 2378.736000
0.485554 2381.466000
0.477908 2384.710000
0.468873 2387.095000
0.449522 2390.675000
0.433853 2393.207000
0.420783 2396.876000
0.416680 2399.293000
0.413633 2402.843000
0.412637 2405.312000
0.415042 2408.688000
0.421038 2411.098000
0.435667 2414.707000
0.451083 2417.457000
0.462059 2420.759000
0.466008 2423.164000
0.468909 2426.836000
0.469980 2429.338000
0.470572 2433.066000
0.470843 2435.348000
0.469532 2438.948000
0.464766 2441.266000
0.451100 2445.031000
0.438374 2447.491000
0.421566 2451.130000
0.416096 2453.580000
0.414144 2456.164000
0.419741 2459.513000
0.432508 2463.179000
0.442178 2465.541000
0.448037 2468.060000
0.451985 2471.640000
0.453357 2474.141000
0.454440 2477.808000
0.454770 2480.239000
0.457053 2483.870000
0.462535 2486.286000
0.467851 2489.921000
0.469596 2492.371000
0.470955 2496.209000
0.471249 2498.604000
0.471590 2502.214000
0.471672 2504.694000
0.471818 2507.072000
0.471689 2510.753000
0.471766 2513.255000
0.468119 2516.884000
0.461011 2519.466000
0.447828 2523.076000
0.442627 2525.537000
0.438703 2529.274000
0.438757 2531.677000
0.442570 2534.132000
0.454136 2537.886000
0.465081 2540.309000
0.475677 2544.049000
0.478842 2546.417000
0.479505 2549.072000
0.473047 2552.995000
0.466415 2555.134000
0.455020 2558.857000
0.451292 2561.366000
0.448743 2565.064000
0.447848 2567.596000
0.447152 2571.634000
0.446995 2573.654000
0.444723 2576.120000
0.435592 2579.917000
0.425978 2582.365000
0.416757 2586.080000
0.413731 2588.619000
0.412124 2591.056000
0.410936 2594.808000
0.410526 2597.288000
0.416889 2601.122000
0.424587 2603.566000
0.435461 2606.069000
0.454758 2609.841000
0.462038 2612.344000
0.464415 2616.007000
0.460931 2618.497000
0.454076 2621.118000
0.438805 2624.815000
0.430908 2627.428000
0.425223 2631.084000
0.423566 2633.555000
0.422433 2636.220000
0.421719 2639.843000
0.421387 2642.485000
0.422983 2645.228000
0.431161 2648.693000
0.440906 2651.301000
0.457599 2654.924000
0.464243 2657.521000
0.469115 2661.354000
0.470591 2663.739000
0.468339 2666.252000
0.459280 2670.033000
0.449264 2672.604000
0.436557 2675.104000
0.412401 2679.207000
0.399337 2681.424000
0.386564 2685.222000
0.384570 2687.917000
0.387819 2690.283000
0.398479 2694.131000
0.409301 2696.690000
0.423317 2699.260000
0.444934 2702.970000
0.455129 2705.638000
0.458829 2708.135000
0.455463 2711.955000
0.449379 2714.546000
0.440154 2717.173000
0.422189 2720.794000
0.409117 2723.344000
0.399483 2727.182000
0.396379 2729.721000
0.394559 2732.425000
0.393358 2736.117000
0.396330 2738.726000
0.402998 2741.504000
0.417077 2745.133000
0.431988 2747.957000
0.445047 2750.206000
0.467791 2754.115000
0.480585 2756.696000
0.488023 2759.230000
0.493519 2763.115000
0.495159 2765.708000
0.494825 2768.208000
0.487559 2772.075000
0.479105 2774.627000
0.467552 2777.197000
0.448019 2780.976000
0.440568 2783.581000
0.436362 2786.143000
0.434747 2790.084000
0.437737 2792.568000
0.444210 2795.231000
0.459233 2799.137000
0.469910 2801.599000
0.476554 2804.330000
0.481367 2808.214000
0.482823 2810.801000
0.483679 2813.299000
0.484364 2817.158000
0.484471 2819.740000
0.484623 2822.329000
0.484689 2825.086000
0.484650 2828.827000
0.484731 2831.458000
0.484793 2834.229000
0.484727 2838.011000
0.485448 2840.544000
0.489159 2843.095000
0.500273 2847.017000
0.509436 2849.621000
0.514904 2852.419000
0.515411 2856.132000
0.510378 2858.852000
0.502636 2861.354000
0.485310 2865.266000
0.472528 2867.861000
0.465427 2870.529000
0.461171 2873.114000
0.458254 2877.036000
0.457159 2879.656000
0.456717 2882.310000
0.456269 2886.293000
0.456150 2888.959000
0.456125 2891.552000
0.456060 2894.185000
0.456057 2898.167000
0.454072 2900.708000
0.452050 2903.456000
0.450635 2907.207000
0.450218 2909.854000
0.449899 2912.470000
0.449792 2915.103000
0.449644 2919.076000
0.449644 2921.694000
0.449552 2924.429000
0.449570 2928.295000
0.453402 2931.028000
0.459843 2933.559000
0.469630 2936.242000
0.489506 2940.171000
0.502513 2942.793000
0.509876 2945.470000
0.514174 2948.220000
0.514297 2952.177000
0.510356 2954.726000
0.503456 2957.374000
